complexity,accuracy,distortion,mse,round,trial
7.247925e-05,3.8146973e-06,1.9178619,1664.7266,0.0,1.0
1.04904175e-05,3.8146973e-06,1.9178619,1664.7257,1.0,1.0
2.2888184e-05,1.5258789e-05,1.9178505,1664.713,2.0,1.0
0.00010585785,8.392334e-05,1.9177818,1664.6318,3.0,1.0
0.0005540848,0.00045967102,1.9174061,1664.1104,4.0,1.0
0.003047943,0.0026311874,1.9152346,1660.7816,5.0,1.0
0.017152786,0.015169144,1.9026966,1639.9946,6.0,1.0
0.09357071,0.08391285,1.8339529,1522.1167,7.0,1.0
0.41033745,0.36732674,1.550539,1074.6945,8.0,1.0
1.022295,0.88751125,1.0303545,468.55728,9.0,1.0
1.5259228,1.2606659,0.65719986,194.30049,10.0,1.0
1.8318167,1.442997,0.47486877,114.47641,11.0,1.0
2.0276432,1.5375195,0.3803463,85.926575,12.0,1.0
2.160905,1.5927067,0.32515907,71.775894,13.0,1.0
2.2524471,1.6266127,0.2912531,63.774044,14.0,1.0
2.315055,1.6479664,0.26989937,58.945915,15.0,1.0
2.3576727,1.6616526,0.2562132,55.912167,16.0,1.0
2.3865986,1.6705256,0.2473402,53.965927,17.0,1.0
2.4062576,1.6763439,0.24152184,52.696087,18.0,1.0
2.4196844,1.6802015,0.23766422,51.854404,19.0,1.0
2.4289389,1.6827936,0.23507214,51.28752,20.0,1.0
2.4353943,1.6845617,0.23330402,50.89923,21.0,1.0
2.43997,1.6857862,0.2320795,50.62841,22.0,1.0
2.443264,1.6866512,0.23121452,50.435814,23.0,1.0
2.4456835,1.6872759,0.23058987,50.295975,24.0,1.0
2.4474974,1.6877356,0.2301302,50.192226,25.0,1.0
2.448882,1.6880808,0.22978497,50.113544,26.0,1.0
2.4499607,1.6883478,0.22951794,50.05256,27.0,1.0
2.45082,1.6885567,0.22930908,50.004303,28.0,1.0
2.4515114,1.6887255,0.22914028,49.96534,29.0,1.0
2.4520798,1.6888638,0.229002,49.933323,30.0,1.0
2.4525547,1.6889782,0.22888756,49.90659,31.0,1.0
2.4529552,1.6890764,0.22878933,49.883926,32.0,1.0
2.4532976,1.6891594,0.22870636,49.8645,33.0,1.0
2.4535904,1.6892309,0.22863483,49.84765,34.0,1.0
2.4538488,1.6892948,0.22857094,49.832893,35.0,1.0
2.454072,1.689352,0.22851372,49.819885,36.0,1.0
2.4542704,1.6894016,0.22846413,49.80832,37.0,1.0
2.454445,1.6894455,0.22842026,49.79798,38.0,1.0
2.4546013,1.6894855,0.2283802,49.78869,39.0,1.0
2.4547415,1.6895218,0.22834396,49.7803,40.0,1.0
2.4548683,1.6895552,0.22831059,49.77269,41.0,1.0
2.4549828,1.6895838,0.22828197,49.76577,42.0,1.0
2.4550858,1.6896114,0.22825432,49.759445,43.0,1.0
2.4551792,1.6896362,0.22822952,49.753662,44.0,1.0
2.455265,1.6896601,0.22820568,49.748344,45.0,1.0
2.4553432,1.689682,0.22818375,49.743454,46.0,1.0
2.4554138,1.6897001,0.22816563,49.738945,47.0,1.0
2.4554787,1.6897182,0.2281475,49.73477,48.0,1.0
2.4555407,1.6897354,0.22813034,49.73091,49.0,1.0
2.455595,1.6897507,0.22811508,49.72733,50.0,1.0
2.4556475,1.689765,0.22810078,49.723995,51.0,1.0
2.4556952,1.6897793,0.22808647,49.720898,52.0,1.0
2.455738,1.6897917,0.22807407,49.718014,53.0,1.0
2.45578,1.6898041,0.22806168,49.71532,54.0,1.0
2.4558172,1.6898146,0.22805119,49.712803,55.0,1.0
2.4558525,1.689825,0.2280407,49.710445,56.0,1.0
2.455884,1.6898346,0.22803116,49.708244,57.0,1.0
2.4559145,1.6898413,0.22802448,49.706173,58.0,1.0
2.455943,1.6898518,0.22801399,49.70423,59.0,1.0
2.4559689,1.6898594,0.22800636,49.702415,60.0,1.0
2.4559937,1.6898661,0.22799969,49.700703,61.0,1.0
2.4560184,1.6898727,0.22799301,49.699093,62.0,1.0
2.4560375,1.6898794,0.22798634,49.697575,63.0,1.0
2.4560566,1.689887,0.2279787,49.696156,64.0,1.0
2.4560757,1.6898909,0.22797489,49.69481,65.0,1.0
2.4560928,1.6898966,0.22796917,49.693546,66.0,1.0
2.456108,1.6899014,0.2279644,49.692356,67.0,1.0
2.4561243,1.6899071,0.22795868,49.69124,68.0,1.0
2.4561377,1.6899118,0.22795391,49.69019,69.0,1.0
2.4561481,1.6899147,0.22795105,49.689198,70.0,1.0
2.4561625,1.6899185,0.22794724,49.688267,71.0,1.0
2.456173,1.6899223,0.22794342,49.68741,72.0,1.0
2.4561815,1.6899261,0.2279396,49.686592,73.0,1.0
2.456192,1.68993,0.22793579,49.685837,74.0,1.0
2.4561987,1.6899319,0.22793388,49.685123,75.0,1.0
2.4562073,1.6899357,0.22793007,49.68448,76.0,1.0
2.456212,1.6899376,0.22792816,49.68387,77.0,1.0
2.4562178,1.6899395,0.22792625,49.68331,78.0,1.0
2.4562225,1.6899424,0.2279234,49.6828,79.0,1.0
2.4562263,1.6899443,0.22792149,49.68234,80.0,1.0
2.4562292,1.6899471,0.22791862,49.68191,81.0,1.0
2.456233,1.6899471,0.22791862,49.681526,82.0,1.0
2.456232,1.689949,0.22791672,49.681183,83.0,1.0
2.456234,1.689949,0.22791672,49.680885,84.0,1.0
2.456234,1.689951,0.22791481,49.68062,85.0,1.0
2.456235,1.689951,0.22791481,49.680386,86.0,1.0
2.456233,1.6899519,0.22791386,49.68019,87.0,1.0
2.456232,1.6899529,0.2279129,49.680027,88.0,1.0
2.4562302,1.6899529,0.2279129,49.679897,89.0,1.0
2.4562292,1.6899538,0.22791195,49.679787,90.0,1.0
2.4562263,1.6899538,0.22791195,49.679703,91.0,1.0
2.4562225,1.6899548,0.227911,49.679646,92.0,1.0
2.4562216,1.6899529,0.2279129,49.67961,93.0,1.0
2.4562168,1.6899529,0.2279129,49.679615,94.0,1.0
2.456212,1.6899538,0.22791195,49.679615,95.0,1.0
2.4562073,1.6899529,0.2279129,49.679646,96.0,1.0
2.4562035,1.6899529,0.2279129,49.67969,97.0,1.0
2.4561987,1.689951,0.22791481,49.679745,98.0,1.0
2.4561949,1.689951,0.22791481,49.679817,99.0,1.0
2.4561892,1.689951,0.22791481,49.679897,100.0,1.0
2.4561834,1.689951,0.22791481,49.679996,101.0,1.0
2.4561787,1.689951,0.22791481,49.680103,102.0,1.0
2.4561749,1.689949,0.22791672,49.680214,103.0,1.0
2.4561691,1.6899481,0.22791767,49.68033,104.0,1.0
2.4561634,1.689949,0.22791672,49.68046,105.0,1.0
2.4561596,1.689949,0.22791672,49.68059,106.0,1.0
2.456153,1.6899481,0.22791767,49.680725,107.0,1.0
2.4561472,1.6899452,0.22792053,49.680862,108.0,1.0
2.4561424,1.6899471,0.22791862,49.681007,109.0,1.0
2.4561367,1.6899462,0.22791958,49.681152,110.0,1.0
2.456132,1.6899433,0.22792244,49.681297,111.0,1.0
2.4561272,1.6899443,0.22792149,49.681446,112.0,1.0
2.4561195,1.6899433,0.22792244,49.68159,113.0,1.0
2.4561138,1.6899414,0.22792435,49.681732,114.0,1.0
2.456111,1.6899414,0.22792435,49.68189,115.0,1.0
2.4561062,1.6899395,0.22792625,49.682034,116.0,1.0
2.4561014,1.6899405,0.2279253,49.68217,117.0,1.0
2.4560966,1.6899395,0.22792625,49.68232,118.0,1.0
2.45609,1.6899395,0.22792625,49.68247,119.0,1.0
2.4560852,1.6899366,0.22792912,49.682606,120.0,1.0
2.4560804,1.6899376,0.22792816,49.68275,121.0,1.0
2.4560757,1.6899366,0.22792912,49.682884,122.0,1.0
2.4560728,1.6899347,0.22793102,49.683014,123.0,1.0
2.4560661,1.6899357,0.22793007,49.68315,124.0,1.0
2.4560633,1.6899338,0.22793198,49.68328,125.0,1.0
2.4560585,1.6899338,0.22793198,49.683414,126.0,1.0
2.4560537,1.6899338,0.22793198,49.683544,127.0,1.0
2.45605,1.6899319,0.22793388,49.68367,128.0,1.0
2.456047,1.6899309,0.22793484,49.683784,129.0,1.0
2.4560423,1.6899319,0.22793388,49.68391,130.0,1.0
2.4560375,1.6899309,0.22793484,49.68402,131.0,1.0
2.4560337,1.6899319,0.22793388,49.68414,132.0,1.0
2.4560308,1.68993,0.22793579,49.684254,133.0,1.0
2.456027,1.68993,0.22793579,49.68436,134.0,1.0
2.4560242,1.689928,0.2279377,49.684467,135.0,1.0
2.4560204,1.689928,0.2279377,49.68457,136.0,1.0
2.4560165,1.6899261,0.2279396,49.684673,137.0,1.0
2.4560146,1.6899271,0.22793865,49.68477,138.0,1.0
2.4560099,1.6899261,0.2279396,49.684864,139.0,1.0
2.456009,1.6899261,0.2279396,49.684963,140.0,1.0
2.4560032,1.6899252,0.22794056,49.68506,141.0,1.0
2.4560013,1.6899242,0.22794151,49.68515,142.0,1.0
2.4559984,1.6899261,0.2279396,49.685234,143.0,1.0
2.4559965,1.6899242,0.22794151,49.685318,144.0,1.0
2.4559927,1.6899242,0.22794151,49.685402,145.0,1.0
2.4559898,1.6899242,0.22794151,49.68548,146.0,1.0
2.455987,1.6899223,0.22794342,49.685566,147.0,1.0
2.455985,1.6899242,0.22794151,49.685646,148.0,1.0
2.4559803,1.6899223,0.22794342,49.685715,149.0,1.0
2.4559784,1.6899223,0.22794342,49.685795,150.0,1.0
2.4559755,1.6899223,0.22794342,49.685863,151.0,1.0
2.4559736,1.6899214,0.22794437,49.685936,152.0,1.0
2.4559708,1.6899214,0.22794437,49.686,153.0,1.0
2.4559698,1.6899214,0.22794437,49.68607,154.0,1.0
2.455967,1.6899204,0.22794533,49.68614,155.0,1.0
2.455965,1.6899195,0.22794628,49.686195,156.0,1.0
2.4559631,1.6899204,0.22794533,49.68626,157.0,1.0
2.4559603,1.6899204,0.22794533,49.686317,158.0,1.0
2.4559593,1.6899185,0.22794724,49.68638,159.0,1.0
2.4559565,1.6899185,0.22794724,49.68643,160.0,1.0
2.4559555,1.6899185,0.22794724,49.68649,161.0,1.0
2.4559517,1.6899185,0.22794724,49.686546,162.0,1.0
2.4559498,1.6899185,0.22794724,49.686596,163.0,1.0
2.4559488,1.6899176,0.22794819,49.686653,164.0,1.0
2.455947,1.6899185,0.22794724,49.686707,165.0,1.0
2.455944,1.6899176,0.22794819,49.686752,166.0,1.0
2.4559422,1.6899185,0.22794724,49.686794,167.0,1.0
2.4559412,1.6899166,0.22794914,49.686844,168.0,1.0
2.4559393,1.6899176,0.22794819,49.686897,169.0,1.0
2.4559374,1.6899166,0.22794914,49.68694,170.0,1.0
2.4559364,1.6899166,0.22794914,49.68698,171.0,1.0
2.4559355,1.6899166,0.22794914,49.687023,172.0,1.0
2.4559326,1.6899166,0.22794914,49.687065,173.0,1.0
2.4559307,1.6899157,0.2279501,49.687103,174.0,1.0
2.4559288,1.6899166,0.22794914,49.68715,175.0,1.0
2.4559298,1.6899147,0.22795105,49.687183,176.0,1.0
2.455927,1.6899157,0.2279501,49.687225,177.0,1.0
2.455924,1.6899157,0.2279501,49.687256,178.0,1.0
2.455925,1.6899157,0.2279501,49.687298,179.0,1.0
2.4559221,1.6899147,0.22795105,49.687332,180.0,1.0
2.4559221,1.6899147,0.22795105,49.687366,181.0,1.0
2.4559212,1.6899147,0.22795105,49.6874,182.0,1.0
2.4559174,1.6899147,0.22795105,49.687435,183.0,1.0
2.4559174,1.6899147,0.22795105,49.687473,184.0,1.0
2.4559164,1.6899147,0.22795105,49.6875,185.0,1.0
2.4559155,1.6899147,0.22795105,49.68753,186.0,1.0
2.4559145,1.6899147,0.22795105,49.687557,187.0,1.0
2.4559107,1.6899147,0.22795105,49.687584,188.0,1.0
2.4559126,1.6899128,0.22795296,49.68762,189.0,1.0
2.4559097,1.6899137,0.227952,49.687645,190.0,1.0
2.4559097,1.6899137,0.227952,49.687675,191.0,1.0
2.4559078,1.6899128,0.22795296,49.687706,192.0,1.0
2.455905,1.6899118,0.22795391,49.687733,193.0,1.0
2.455906,1.6899128,0.22795296,49.687756,194.0,1.0
2.455904,1.6899118,0.22795391,49.687782,195.0,1.0
2.455902,1.6899118,0.22795391,49.687813,196.0,1.0
2.455902,1.6899128,0.22795296,49.68783,197.0,1.0
2.4559002,1.6899128,0.22795296,49.68786,198.0,1.0
2.4559002,1.6899118,0.22795391,49.68788,199.0,1.0
0.00694561,0.00024223328,1.9176235,1664.5758,0.0,2.0
0.0010738373,0.000374794,1.917491,1664.4214,1.0,2.0
0.0026168823,0.001701355,1.9161644,1662.8835,2.0,2.0
0.011628151,0.009069443,1.9087963,1653.1189,3.0,2.0
0.05881977,0.04915905,1.8687067,1594.5087,4.0,2.0
0.27604198,0.23720646,1.6806593,1314.0472,5.0,2.0
0.8515396,0.72478867,1.1930771,689.0036,6.0,2.0
1.4616413,1.1962767,0.7215891,261.10477,7.0,2.0
1.8314219,1.4345245,0.48334122,123.97972,8.0,2.0
2.039774,1.5414562,0.37640953,84.94024,9.0,2.0
2.1658182,1.5941076,0.32375813,71.408966,10.0,2.0
2.249607,1.6251001,0.29276562,64.163895,11.0,2.0
2.3075638,1.6449919,0.27287388,59.66581,12.0,2.0
2.348343,1.6582823,0.25958347,56.70789,13.0,2.0
2.3772984,1.6673603,0.25050545,54.702362,14.0,2.0
2.397973,1.673645,0.24422073,53.318184,15.0,2.0
2.4128036,1.6780357,0.23983002,52.35154,16.0,2.0
2.4234934,1.6811266,0.23673916,51.67001,17.0,2.0
2.4312458,1.68332,0.23454571,51.1849,18.0,2.0
2.4369173,1.6848927,0.2329731,50.8359,19.0,2.0
2.441103,1.6860304,0.23183537,50.581776,20.0,2.0
2.444232,1.6868668,0.230999,50.394188,21.0,2.0
2.4466038,1.6874886,0.2303772,50.253628,22.0,2.0
2.4484262,1.6879625,0.22990322,50.14662,23.0,2.0
2.4498444,1.6883249,0.22954082,50.0638,24.0,2.0
2.4509678,1.6886082,0.22925758,49.998653,25.0,2.0
2.451869,1.6888361,0.22902966,49.94657,26.0,2.0
2.4526014,1.6890173,0.22884846,49.904324,27.0,2.0
2.4532032,1.6891661,0.22869968,49.869583,28.0,2.0
2.4537048,1.689292,0.2285738,49.840645,29.0,2.0
2.4541283,1.6893969,0.2284689,49.81628,30.0,2.0
2.454483,1.6894836,0.22838211,49.795578,31.0,2.0
2.4547873,1.689559,0.22830677,49.77783,32.0,2.0
2.4550524,1.6896257,0.22824001,49.76252,33.0,2.0
2.4552765,1.689683,0.2281828,49.749226,34.0,2.0
2.45547,1.6897316,0.22813416,49.737633,35.0,2.0
2.4556417,1.6897755,0.22809029,49.727478,36.0,2.0
2.4557905,1.6898136,0.22805214,49.71855,37.0,2.0
2.4559193,1.689847,0.22801876,49.710686,38.0,2.0
2.4560337,1.6898766,0.2279892,49.703747,39.0,2.0
2.456132,1.6899023,0.22796345,49.697617,40.0,2.0
2.4562187,1.6899252,0.22794056,49.692173,41.0,2.0
2.456295,1.6899452,0.22792053,49.68736,42.0,2.0
2.4563627,1.6899643,0.22790146,49.683086,43.0,2.0
2.456419,1.6899796,0.2278862,49.679295,44.0,2.0
2.4564695,1.6899939,0.2278719,49.675934,45.0,2.0
2.4565134,1.6900063,0.2278595,49.67295,46.0,2.0
2.4565525,1.6900158,0.22784996,49.670315,47.0,2.0
2.456586,1.6900263,0.22783947,49.667976,48.0,2.0
2.4566126,1.6900349,0.22783089,49.665916,49.0,2.0
2.4566374,1.6900425,0.22782326,49.664097,50.0,2.0
2.4566565,1.6900482,0.22781754,49.662506,51.0,2.0
2.4566736,1.6900558,0.2278099,49.661102,52.0,2.0
2.456688,1.6900568,0.22780895,49.65989,53.0,2.0
2.4566984,1.6900635,0.22780228,49.65882,54.0,2.0
2.456708,1.6900673,0.22779846,49.65791,55.0,2.0
2.4567146,1.6900702,0.2277956,49.657127,56.0,2.0
2.4567194,1.6900711,0.22779465,49.656464,57.0,2.0
2.4567223,1.6900749,0.22779083,49.655907,58.0,2.0
2.4567242,1.6900759,0.22778988,49.65544,59.0,2.0
2.4567223,1.6900768,0.22778893,49.655067,60.0,2.0
2.4567223,1.6900768,0.22778893,49.654778,61.0,2.0
2.4567204,1.6900768,0.22778893,49.65456,62.0,2.0
2.4567146,1.6900768,0.22778893,49.654404,63.0,2.0
2.4567108,1.6900778,0.22778797,49.65431,64.0,2.0
2.456705,1.6900768,0.22778893,49.65427,65.0,2.0
2.4567013,1.6900778,0.22778797,49.65428,66.0,2.0
2.4566936,1.6900759,0.22778988,49.65434,67.0,2.0
2.456686,1.6900749,0.22779083,49.65443,68.0,2.0
2.4566774,1.690074,0.22779179,49.654556,69.0,2.0
2.4566698,1.690073,0.22779274,49.65472,70.0,2.0
2.4566612,1.690073,0.22779274,49.65491,71.0,2.0
2.4566526,1.6900711,0.22779465,49.65513,72.0,2.0
2.456644,1.6900711,0.22779465,49.65537,73.0,2.0
2.4566336,1.6900682,0.22779751,49.65562,74.0,2.0
2.456623,1.6900663,0.22779942,49.655903,75.0,2.0
2.4566154,1.6900654,0.22780037,49.6562,76.0,2.0
2.456604,1.6900635,0.22780228,49.656506,77.0,2.0
2.4565935,1.6900635,0.22780228,49.65683,78.0,2.0
2.456583,1.6900606,0.22780514,49.657158,79.0,2.0
2.4565735,1.6900587,0.22780704,49.657497,80.0,2.0
2.456562,1.6900568,0.22780895,49.65785,81.0,2.0
2.4565535,1.6900549,0.22781086,49.6582,82.0,2.0
2.456543,1.6900539,0.22781181,49.658554,83.0,2.0
2.4565315,1.6900501,0.22781563,49.65891,84.0,2.0
2.456522,1.6900501,0.22781563,49.65928,85.0,2.0
2.4565115,1.6900482,0.22781754,49.65964,86.0,2.0
2.456501,1.6900454,0.2278204,49.66001,87.0,2.0
2.4564915,1.6900434,0.2278223,49.660378,88.0,2.0
2.456481,1.6900415,0.22782421,49.660748,89.0,2.0
2.4564734,1.6900406,0.22782516,49.661114,90.0,2.0
2.4564638,1.6900387,0.22782707,49.661476,91.0,2.0
2.4564524,1.6900368,0.22782898,49.661835,92.0,2.0
2.4564428,1.6900349,0.22783089,49.6622,93.0,2.0
2.4564323,1.690033,0.2278328,49.66256,94.0,2.0
2.4564247,1.690031,0.2278347,49.662918,95.0,2.0
2.4564152,1.6900301,0.22783566,49.66327,96.0,2.0
2.4564047,1.6900282,0.22783756,49.66362,97.0,2.0
2.456398,1.6900253,0.22784042,49.66396,98.0,2.0
2.4563894,1.6900253,0.22784042,49.664307,99.0,2.0
2.4563808,1.6900225,0.22784328,49.664642,100.0,2.0
2.4563723,1.6900215,0.22784424,49.664978,101.0,2.0
2.4563627,1.6900196,0.22784615,49.66531,102.0,2.0
2.4563541,1.6900177,0.22784805,49.66563,103.0,2.0
2.4563475,1.6900158,0.22784996,49.665955,104.0,2.0
2.4563398,1.6900148,0.22785091,49.666275,105.0,2.0
2.4563322,1.6900129,0.22785282,49.666584,106.0,2.0
2.4563236,1.690012,0.22785378,49.666885,107.0,2.0
2.456316,1.6900101,0.22785568,49.66719,108.0,2.0
2.4563084,1.6900101,0.22785568,49.6675,109.0,2.0
2.4563017,1.6900063,0.2278595,49.66779,110.0,2.0
2.456294,1.6900063,0.2278595,49.66808,111.0,2.0
2.4562864,1.6900053,0.22786045,49.668365,112.0,2.0
2.4562798,1.6900034,0.22786236,49.668644,113.0,2.0
2.456274,1.6900034,0.22786236,49.668926,114.0,2.0
2.4562683,1.6900015,0.22786427,49.669205,115.0,2.0
2.4562597,1.6899996,0.22786617,49.66947,116.0,2.0
2.456253,1.6899986,0.22786713,49.669735,117.0,2.0
2.4562473,1.6899977,0.22786808,49.669994,118.0,2.0
2.4562416,1.6899967,0.22786903,49.670258,119.0,2.0
2.456235,1.6899948,0.22787094,49.670506,120.0,2.0
2.4562292,1.6899948,0.22787094,49.670757,121.0,2.0
2.4562244,1.6899929,0.22787285,49.67101,122.0,2.0
2.4562178,1.689991,0.22787476,49.67125,123.0,2.0
2.456212,1.6899891,0.22787666,49.67149,124.0,2.0
2.4562054,1.68999,0.22787571,49.671722,125.0,2.0
2.4561996,1.6899872,0.22787857,49.671944,126.0,2.0
2.4561949,1.6899853,0.22788048,49.67218,127.0,2.0
2.45619,1.6899862,0.22787952,49.672405,128.0,2.0
2.4561844,1.6899843,0.22788143,49.67263,129.0,2.0
2.4561806,1.6899843,0.22788143,49.67284,130.0,2.0
2.456174,1.6899834,0.22788239,49.673058,131.0,2.0
2.4561691,1.6899815,0.2278843,49.673267,132.0,2.0
2.4561653,1.6899805,0.22788525,49.673477,133.0,2.0
2.4561596,1.6899786,0.22788715,49.67368,134.0,2.0
2.4561558,1.6899786,0.22788715,49.67389,135.0,2.0
2.45615,1.6899776,0.2278881,49.674084,136.0,2.0
2.4561453,1.6899757,0.22789001,49.67429,137.0,2.0
2.4561415,1.6899757,0.22789001,49.674477,138.0,2.0
2.4561367,1.6899748,0.22789097,49.674667,139.0,2.0
2.456131,1.6899748,0.22789097,49.67486,140.0,2.0
2.4561281,1.6899729,0.22789288,49.67504,141.0,2.0
2.4561234,1.6899729,0.22789288,49.67523,142.0,2.0
2.4561186,1.689971,0.22789478,49.675407,143.0,2.0
2.4561138,1.6899719,0.22789383,49.675583,144.0,2.0
2.456111,1.68997,0.22789574,49.67576,145.0,2.0
2.4561062,1.6899681,0.22789764,49.675934,146.0,2.0
2.4561024,1.6899681,0.22789764,49.6761,147.0,2.0
2.4560986,1.6899691,0.22789669,49.676277,148.0,2.0
2.4560947,1.6899662,0.22789955,49.67645,149.0,2.0
2.456091,1.6899662,0.22789955,49.676605,150.0,2.0
2.456087,1.6899643,0.22790146,49.676765,151.0,2.0
2.4560833,1.6899643,0.22790146,49.676933,152.0,2.0
2.4560804,1.6899643,0.22790146,49.677094,153.0,2.0
2.4560757,1.6899633,0.22790241,49.677242,154.0,2.0
2.4560719,1.6899633,0.22790241,49.6774,155.0,2.0
2.456069,1.6899624,0.22790337,49.677547,156.0,2.0
2.456067,1.6899614,0.22790432,49.677696,157.0,2.0
2.4560623,1.6899586,0.22790718,49.677853,158.0,2.0
2.4560585,1.6899595,0.22790623,49.677994,159.0,2.0
2.4560556,1.6899586,0.22790718,49.678143,160.0,2.0
2.4560518,1.6899576,0.22790813,49.678284,161.0,2.0
2.456047,1.6899557,0.22791004,49.67843,162.0,2.0
2.456046,1.6899576,0.22790813,49.67857,163.0,2.0
2.4560413,1.6899576,0.22790813,49.678707,164.0,2.0
2.4560375,1.6899557,0.22791004,49.678844,165.0,2.0
2.4560356,1.6899548,0.227911,49.67898,166.0,2.0
2.4560328,1.6899529,0.2279129,49.679108,167.0,2.0
2.456029,1.6899529,0.2279129,49.679237,168.0,2.0
2.456026,1.6899529,0.2279129,49.67937,169.0,2.0
2.4560232,1.6899519,0.22791386,49.679504,170.0,2.0
2.4560213,1.6899519,0.22791386,49.67963,171.0,2.0
2.4560175,1.6899519,0.22791386,49.679756,172.0,2.0
2.4560146,1.68995,0.22791576,49.67988,173.0,2.0
2.4560127,1.68995,0.22791576,49.680004,174.0,2.0
2.4560099,1.689949,0.22791672,49.680126,175.0,2.0
2.456006,1.689949,0.22791672,49.68025,176.0,2.0
2.4560032,1.6899471,0.22791862,49.68036,177.0,2.0
2.4560003,1.6899471,0.22791862,49.68048,178.0,2.0
2.4559975,1.6899471,0.22791862,49.68059,179.0,2.0
2.4559965,1.6899452,0.22792053,49.680717,180.0,2.0
2.4559927,1.6899433,0.22792244,49.680824,181.0,2.0
2.4559908,1.6899452,0.22792053,49.680943,182.0,2.0
2.455987,1.6899443,0.22792149,49.681046,183.0,2.0
2.455985,1.6899433,0.22792244,49.68116,184.0,2.0
2.4559822,1.6899433,0.22792244,49.68127,185.0,2.0
2.4559784,1.6899443,0.22792149,49.68138,186.0,2.0
2.4559784,1.6899414,0.22792435,49.681488,187.0,2.0
2.4559746,1.6899414,0.22792435,49.681595,188.0,2.0
2.4559736,1.6899424,0.2279234,49.6817,189.0,2.0
2.4559698,1.6899414,0.22792435,49.681805,190.0,2.0
2.4559689,1.6899395,0.22792625,49.68191,191.0,2.0
2.455966,1.6899395,0.22792625,49.682007,192.0,2.0
2.4559631,1.6899395,0.22792625,49.682114,193.0,2.0
2.4559612,1.6899385,0.22792721,49.68221,194.0,2.0
2.4559584,1.6899385,0.22792721,49.682304,195.0,2.0
2.4559555,1.6899385,0.22792721,49.682404,196.0,2.0
2.4559536,1.6899385,0.22792721,49.682503,197.0,2.0
2.4559507,1.6899376,0.22792816,49.682594,198.0,2.0
2.4559498,1.6899376,0.22792816,49.6827,199.0,2.0
0.68771076,0.03709793,1.8807678,1635.2719,0.0,3.0
0.15080738,0.058488846,1.8593769,1609.925,1.0,3.0
0.40128136,0.27103233,1.6468334,1358.836,2.0,3.0
1.1886749,0.89931583,1.0185499,657.39746,3.0,3.0
1.8692303,1.3990393,0.5188265,222.04204,4.0,3.0
2.154458,1.5681477,0.3497181,105.18177,5.0,3.0
2.2875834,1.6310577,0.286808,69.157196,6.0,3.0
2.3568363,1.6576042,0.26026154,58.3526,7.0,3.0
2.3965607,1.6710377,0.24682808,54.216034,8.0,3.0
2.4205332,1.678628,0.23923779,52.17739,9.0,3.0
2.4353085,1.6831102,0.23475552,51.17482,10.0,3.0
2.4445581,1.6858549,0.23201084,50.591087,11.0,3.0
2.4503994,1.6875753,0.23029041,50.225086,12.0,3.0
2.4541016,1.6886654,0.22920036,49.992264,13.0,3.0
2.4564486,1.6893606,0.22850513,49.842552,14.0,3.0
2.4579287,1.6898069,0.22805882,49.745453,15.0,3.0
2.4588556,1.690094,0.22777176,49.682022,16.0,3.0
2.4594269,1.6902771,0.22758865,49.640358,17.0,3.0
2.4597683,1.6903973,0.22746849,49.612885,18.0,3.0
2.4599562,1.6904726,0.22739315,49.59477,19.0,3.0
2.4600487,1.6905184,0.22734737,49.58287,20.0,3.0
2.4600782,1.690546,0.22731972,49.575134,21.0,3.0
2.4600677,1.6905622,0.2273035,49.570217,22.0,3.0
2.4600277,1.6905689,0.22729683,49.56724,23.0,3.0
2.4599705,1.6905718,0.22729397,49.565594,24.0,3.0
2.4599037,1.6905689,0.22729683,49.56487,25.0,3.0
2.4598322,1.6905632,0.22730255,49.564793,26.0,3.0
2.4597569,1.6905594,0.22730637,49.565178,27.0,3.0
2.4596767,1.6905499,0.2273159,49.565887,28.0,3.0
2.4596014,1.6905413,0.22732449,49.56682,29.0,3.0
2.4595242,1.6905327,0.22733307,49.567913,30.0,3.0
2.459447,1.6905241,0.22734165,49.569107,31.0,3.0
2.4593725,1.6905146,0.22735119,49.570377,32.0,3.0
2.459301,1.6905069,0.22735882,49.57169,33.0,3.0
2.4592323,1.6904964,0.22736931,49.57303,34.0,3.0
2.4591646,1.6904879,0.22737789,49.574368,35.0,3.0
2.4590998,1.6904793,0.22738647,49.57571,36.0,3.0
2.4590359,1.6904726,0.22739315,49.57704,37.0,3.0
2.4589748,1.6904631,0.22740269,49.57835,38.0,3.0
2.4589167,1.6904554,0.22741032,49.57964,39.0,3.0
2.4588614,1.6904469,0.2274189,49.58091,40.0,3.0
2.4588041,1.6904411,0.22742462,49.582153,41.0,3.0
2.4587507,1.6904316,0.22743416,49.58337,42.0,3.0
2.4587002,1.690424,0.22744179,49.584568,43.0,3.0
2.4586506,1.6904182,0.22744751,49.585735,44.0,3.0
2.458602,1.6904125,0.22745323,49.586876,45.0,3.0
2.4585571,1.6904058,0.22745991,49.587997,46.0,3.0
2.4585114,1.6903992,0.22746658,49.589104,47.0,3.0
2.4584665,1.6903925,0.22747326,49.590195,48.0,3.0
2.4584227,1.6903868,0.22747898,49.591274,49.0,3.0
2.4583807,1.690381,0.2274847,49.59233,50.0,3.0
2.4583406,1.6903744,0.22749138,49.593395,51.0,3.0
2.4582996,1.6903667,0.22749901,49.594448,52.0,3.0
2.4582605,1.690362,0.22750378,49.59551,53.0,3.0
2.4582214,1.6903553,0.22751045,49.596565,54.0,3.0
2.4581833,1.6903505,0.22751522,49.597622,55.0,3.0
2.4581451,1.6903439,0.2275219,49.598694,56.0,3.0
2.458106,1.6903381,0.22752762,49.599773,57.0,3.0
2.4580688,1.6903324,0.22753334,49.60086,58.0,3.0
2.4580326,1.6903267,0.22753906,49.60196,59.0,3.0
2.4579954,1.69032,0.22754574,49.60308,60.0,3.0
2.4579573,1.6903143,0.22755146,49.60421,61.0,3.0
2.457922,1.6903095,0.22755623,49.605354,62.0,3.0
2.4578848,1.6903019,0.22756386,49.606514,63.0,3.0
2.4578476,1.6902971,0.22756863,49.607693,64.0,3.0
2.4578123,1.6902905,0.2275753,49.608883,65.0,3.0
2.457777,1.6902838,0.22758198,49.610085,66.0,3.0
2.4577398,1.690278,0.2275877,49.611305,67.0,3.0
2.4577045,1.6902714,0.22759438,49.612526,68.0,3.0
2.4576693,1.6902657,0.2276001,49.61377,69.0,3.0
2.457634,1.690258,0.22760773,49.615013,70.0,3.0
2.4575977,1.6902533,0.2276125,49.61627,71.0,3.0
2.4575634,1.6902466,0.22761917,49.617516,72.0,3.0
2.457529,1.6902409,0.2276249,49.61878,73.0,3.0
2.4574966,1.6902342,0.22763157,49.62003,74.0,3.0
2.4574604,1.6902285,0.22763729,49.621292,75.0,3.0
2.457427,1.6902218,0.22764397,49.622543,76.0,3.0
2.4573936,1.6902161,0.22764969,49.623795,77.0,3.0
2.4573612,1.6902084,0.22765732,49.625034,78.0,3.0
2.4573298,1.6902037,0.22766209,49.626266,79.0,3.0
2.4572983,1.690198,0.22766781,49.62749,80.0,3.0
2.4572668,1.6901922,0.22767353,49.6287,81.0,3.0
2.4572353,1.6901875,0.2276783,49.629906,82.0,3.0
2.4572048,1.6901808,0.22768497,49.631092,83.0,3.0
2.4571753,1.690175,0.2276907,49.632267,84.0,3.0
2.4571466,1.6901712,0.22769451,49.633434,85.0,3.0
2.4571161,1.6901646,0.22770119,49.63457,86.0,3.0
2.4570875,1.6901588,0.22770691,49.6357,87.0,3.0
2.4570608,1.6901522,0.22771358,49.636814,88.0,3.0
2.457034,1.6901484,0.2277174,49.637913,89.0,3.0
2.4570074,1.6901436,0.22772217,49.63899,90.0,3.0
2.4569798,1.6901379,0.22772789,49.64005,91.0,3.0
2.456956,1.6901331,0.22773266,49.64109,92.0,3.0
2.4569302,1.6901274,0.22773838,49.642113,93.0,3.0
2.4569054,1.6901226,0.22774315,49.643112,94.0,3.0
2.4568825,1.6901169,0.22774887,49.644108,95.0,3.0
2.4568567,1.6901131,0.22775269,49.64508,96.0,3.0
2.4568348,1.6901083,0.22775745,49.646027,97.0,3.0
2.456811,1.6901045,0.22776127,49.64696,98.0,3.0
2.45679,1.6901007,0.22776508,49.647877,99.0,3.0
2.456768,1.6900959,0.22776985,49.64877,100.0,3.0
2.456748,1.690093,0.22777271,49.64965,101.0,3.0
2.456727,1.6900883,0.22777748,49.650513,102.0,3.0
2.456706,1.6900845,0.2277813,49.651352,103.0,3.0
2.456687,1.6900797,0.22778606,49.652176,104.0,3.0
2.456667,1.6900759,0.22778988,49.652992,105.0,3.0
2.4566479,1.6900711,0.22779465,49.65378,106.0,3.0
2.4566298,1.6900682,0.22779751,49.654552,107.0,3.0
2.4566126,1.6900644,0.22780132,49.65531,108.0,3.0
2.4565954,1.6900597,0.22780609,49.65606,109.0,3.0
2.4565773,1.6900587,0.22780704,49.656784,110.0,3.0
2.4565601,1.6900539,0.22781181,49.657497,111.0,3.0
2.4565458,1.690052,0.22781372,49.658188,112.0,3.0
2.4565296,1.6900482,0.22781754,49.65887,113.0,3.0
2.4565125,1.6900444,0.22782135,49.659534,114.0,3.0
2.4564972,1.6900415,0.22782421,49.660187,115.0,3.0
2.456483,1.6900396,0.22782612,49.66082,116.0,3.0
2.4564686,1.6900368,0.22782898,49.66144,117.0,3.0
2.4564533,1.6900339,0.22783184,49.662052,118.0,3.0
2.45644,1.690031,0.2278347,49.662647,119.0,3.0
2.4564266,1.6900282,0.22783756,49.66323,120.0,3.0
2.4564123,1.6900263,0.22783947,49.6638,121.0,3.0
2.4564,1.6900225,0.22784328,49.66436,122.0,3.0
2.4563885,1.6900196,0.22784615,49.6649,123.0,3.0
2.4563751,1.6900177,0.22784805,49.66544,124.0,3.0
2.4563637,1.6900148,0.22785091,49.66595,125.0,3.0
2.4563503,1.6900129,0.22785282,49.66647,126.0,3.0
2.4563408,1.6900091,0.22785664,49.666965,127.0,3.0
2.4563293,1.6900091,0.22785664,49.66745,128.0,3.0
2.456317,1.6900063,0.2278595,49.66794,129.0,3.0
2.4563074,1.6900034,0.22786236,49.6684,130.0,3.0
2.456297,1.6900005,0.22786522,49.66886,131.0,3.0
2.4562836,1.6899996,0.22786617,49.669304,132.0,3.0
2.456276,1.6899958,0.22786999,49.669743,133.0,3.0
2.4562654,1.6899958,0.22786999,49.670174,134.0,3.0
2.4562569,1.689992,0.2278738,49.670593,135.0,3.0
2.4562464,1.689992,0.2278738,49.671,136.0,3.0
2.4562378,1.6899881,0.22787762,49.671402,137.0,3.0
2.4562292,1.6899872,0.22787857,49.671806,138.0,3.0
2.4562197,1.6899843,0.22788143,49.672188,139.0,3.0
2.456211,1.6899843,0.22788143,49.67257,140.0,3.0
2.4562016,1.6899815,0.2278843,49.67293,141.0,3.0
2.456192,1.6899805,0.22788525,49.6733,142.0,3.0
2.4561853,1.6899776,0.2278881,49.673653,143.0,3.0
2.4561787,1.6899767,0.22788906,49.674,144.0,3.0
2.456171,1.6899748,0.22789097,49.674335,145.0,3.0
2.4561615,1.6899738,0.22789192,49.67468,146.0,3.0
2.4561548,1.6899729,0.22789288,49.675003,147.0,3.0
2.4561462,1.689971,0.22789478,49.675323,148.0,3.0
2.4561405,1.6899691,0.22789669,49.675644,149.0,3.0
2.456133,1.6899691,0.22789669,49.67595,150.0,3.0
2.4561272,1.6899662,0.22789955,49.67625,151.0,3.0
2.4561195,1.6899652,0.2279005,49.676548,152.0,3.0
2.4561129,1.6899633,0.22790241,49.676834,153.0,3.0
2.4561062,1.6899624,0.22790337,49.677124,154.0,3.0
2.4560995,1.6899614,0.22790432,49.677406,155.0,3.0
2.4560928,1.6899605,0.22790527,49.67768,156.0,3.0
2.456088,1.6899586,0.22790718,49.677948,157.0,3.0
2.4560814,1.6899576,0.22790813,49.678207,158.0,3.0
2.4560757,1.6899557,0.22791004,49.678467,159.0,3.0
2.456068,1.6899548,0.227911,49.678722,160.0,3.0
2.4560642,1.6899538,0.22791195,49.678974,161.0,3.0
2.4560585,1.689951,0.22791481,49.67922,162.0,3.0
2.4560518,1.689951,0.22791481,49.67946,163.0,3.0
2.456047,1.689951,0.22791481,49.679695,164.0,3.0
2.4560423,1.6899481,0.22791767,49.679924,165.0,3.0
2.4560356,1.6899471,0.22791862,49.680153,166.0,3.0
2.4560318,1.6899471,0.22791862,49.680374,167.0,3.0
2.456027,1.6899471,0.22791862,49.680595,168.0,3.0
2.4560213,1.6899462,0.22791958,49.680805,169.0,3.0
2.4560165,1.6899433,0.22792244,49.68102,170.0,3.0
2.4560127,1.6899414,0.22792435,49.681225,171.0,3.0
2.456006,1.6899424,0.2279234,49.681427,172.0,3.0
2.4560022,1.6899414,0.22792435,49.681625,173.0,3.0
2.4559994,1.6899395,0.22792625,49.681824,174.0,3.0
2.4559946,1.6899385,0.22792721,49.682022,175.0,3.0
2.4559898,1.6899376,0.22792816,49.682213,176.0,3.0
2.455985,1.6899376,0.22792816,49.682392,177.0,3.0
2.4559813,1.6899366,0.22792912,49.682583,178.0,3.0
2.4559765,1.6899357,0.22793007,49.68276,179.0,3.0
2.4559727,1.6899347,0.22793102,49.682934,180.0,3.0
2.455968,1.6899347,0.22793102,49.68311,181.0,3.0
2.455965,1.6899328,0.22793293,49.68328,182.0,3.0
2.4559622,1.6899328,0.22793293,49.683453,183.0,3.0
2.4559584,1.6899309,0.22793484,49.683617,184.0,3.0
2.4559536,1.6899309,0.22793484,49.683773,185.0,3.0
2.4559498,1.6899309,0.22793484,49.683937,186.0,3.0
2.455946,1.689929,0.22793674,49.68409,187.0,3.0
2.455943,1.689928,0.2279377,49.684246,188.0,3.0
2.4559393,1.689928,0.2279377,49.6844,189.0,3.0
2.4559374,1.689929,0.22793674,49.684544,190.0,3.0
2.4559336,1.6899271,0.22793865,49.68469,191.0,3.0
2.4559307,1.6899252,0.22794056,49.68483,192.0,3.0
2.455926,1.6899242,0.22794151,49.68498,193.0,3.0
2.455924,1.6899252,0.22794056,49.685112,194.0,3.0
2.4559193,1.6899223,0.22794342,49.685246,195.0,3.0
2.4559155,1.6899233,0.22794247,49.685387,196.0,3.0
2.4559135,1.6899233,0.22794247,49.685513,197.0,3.0
2.4559097,1.6899223,0.22794342,49.68565,198.0,3.0
2.4559088,1.6899223,0.22794342,49.685776,199.0,3.0
5.2501664,1.0902491,0.8276167,760.2969,0.0,4.0
2.778018,1.4962616,0.42160416,255.45691,1.0,4.0
2.6476564,1.6548758,0.26299,99.247856,2.0,4.0
2.5967827,1.7078342,0.21003151,52.50849,3.0,4.0
2.5504704,1.708703,0.20916271,46.704903,4.0,4.0
2.5186892,1.7032032,0.21466255,47.123142,5.0,4.0
2.4987354,1.6990137,0.21885204,47.907925,6.0,4.0
2.4861088,1.6961689,0.22169685,48.456753,7.0,4.0
2.4780922,1.6943111,0.22355461,48.819633,8.0,4.0
2.4729977,1.6931286,0.22473717,49.05177,9.0,4.0
2.4697475,1.6923866,0.22547913,49.197094,10.0,4.0
2.4676552,1.691926,0.22593975,49.28686,11.0,4.0
2.4662857,1.6916409,0.2262249,49.341976,12.0,4.0
2.4653635,1.6914635,0.22640228,49.375896,13.0,4.0
2.4647207,1.6913481,0.22651768,49.39706,14.0,4.0
2.4642487,1.6912737,0.22659206,49.41067,15.0,4.0
2.4638853,1.6912241,0.22664165,49.419884,16.0,4.0
2.4635906,1.691184,0.22668171,49.426567,17.0,4.0
2.463338,1.6911545,0.22671127,49.431835,18.0,4.0
2.4631157,1.6911278,0.22673798,49.436314,19.0,4.0
2.4629126,1.6911077,0.226758,49.440372,20.0,4.0
2.4627275,1.6910839,0.22678185,49.444202,21.0,4.0
2.4625502,1.6910639,0.22680187,49.44791,22.0,4.0
2.4623842,1.6910448,0.22682095,49.45154,23.0,4.0
2.4622278,1.6910267,0.22683907,49.455128,24.0,4.0
2.4620762,1.6910067,0.2268591,49.458668,25.0,4.0
2.4619312,1.6909876,0.22687817,49.462166,26.0,4.0
2.461792,1.6909704,0.22689533,49.465637,27.0,4.0
2.4616575,1.6909533,0.2269125,49.469055,28.0,4.0
2.4615288,1.6909351,0.22693062,49.472435,29.0,4.0
2.461403,1.690918,0.22694778,49.475777,30.0,4.0
2.4612827,1.6909018,0.226964,49.479073,31.0,4.0
2.4611654,1.6908846,0.22698116,49.482327,32.0,4.0
2.4610538,1.6908684,0.22699738,49.485542,33.0,4.0
2.4609423,1.6908531,0.22701263,49.48872,34.0,4.0
2.4608364,1.6908369,0.22702885,49.49185,35.0,4.0
2.4607315,1.6908207,0.22704506,49.494965,36.0,4.0
2.4606314,1.6908083,0.22705746,49.49802,37.0,4.0
2.4605322,1.6907911,0.22707462,49.501053,38.0,4.0
2.4604359,1.6907759,0.22708988,49.50406,39.0,4.0
2.4603415,1.6907625,0.22710323,49.50702,40.0,4.0
2.46025,1.6907473,0.22711849,49.509953,41.0,4.0
2.4601622,1.690733,0.2271328,49.512856,42.0,4.0
2.4600754,1.6907196,0.22714615,49.515724,43.0,4.0
2.4599886,1.6907053,0.22716045,49.518566,44.0,4.0
2.4599037,1.690692,0.2271738,49.52137,45.0,4.0
2.4598227,1.6906786,0.22718716,49.52414,46.0,4.0
2.4597435,1.6906652,0.22720051,49.526886,47.0,4.0
2.4596653,1.6906519,0.22721386,49.529583,48.0,4.0
2.459589,1.6906404,0.2272253,49.532253,49.0,4.0
2.4595146,1.690628,0.2272377,49.53488,50.0,4.0
2.4594412,1.6906147,0.22725105,49.537476,51.0,4.0
2.4593697,1.6906033,0.2272625,49.540035,52.0,4.0
2.459301,1.6905899,0.22727585,49.542553,53.0,4.0
2.4592323,1.6905785,0.22728729,49.54502,54.0,4.0
2.4591656,1.690568,0.22729778,49.54746,55.0,4.0
2.4591017,1.6905565,0.22730923,49.549854,56.0,4.0
2.4590378,1.6905451,0.22732067,49.552204,57.0,4.0
2.4589767,1.6905355,0.22733021,49.554512,58.0,4.0
2.4589148,1.6905241,0.22734165,49.556774,59.0,4.0
2.4588566,1.6905136,0.22735214,49.559,60.0,4.0
2.4587984,1.6905031,0.22736263,49.561176,61.0,4.0
2.4587421,1.6904917,0.22737408,49.563313,62.0,4.0
2.4586887,1.6904831,0.22738266,49.565407,63.0,4.0
2.4586344,1.6904726,0.22739315,49.56746,64.0,4.0
2.458582,1.6904631,0.22740269,49.569466,65.0,4.0
2.4585323,1.6904545,0.22741127,49.57143,66.0,4.0
2.4584827,1.6904459,0.22741985,49.57336,67.0,4.0
2.4584332,1.6904383,0.22742748,49.575245,68.0,4.0
2.4583874,1.6904278,0.22743797,49.57708,69.0,4.0
2.4583416,1.6904202,0.2274456,49.578884,70.0,4.0
2.4582968,1.6904125,0.22745323,49.580647,71.0,4.0
2.4582539,1.6904039,0.22746181,49.58237,72.0,4.0
2.458211,1.6903963,0.22746944,49.584064,73.0,4.0
2.458169,1.6903896,0.22747612,49.58571,74.0,4.0
2.458127,1.690381,0.2274847,49.587322,75.0,4.0
2.458088,1.6903734,0.22749233,49.5889,76.0,4.0
2.4580498,1.6903648,0.22750092,49.59044,77.0,4.0
2.4580116,1.6903591,0.22750664,49.591946,78.0,4.0
2.4579763,1.6903524,0.22751331,49.593414,79.0,4.0
2.457941,1.6903458,0.22751999,49.594856,80.0,4.0
2.4579058,1.69034,0.22752571,49.596268,81.0,4.0
2.4578714,1.6903324,0.22753334,49.59765,82.0,4.0
2.457838,1.6903267,0.22753906,49.598995,83.0,4.0
2.4578066,1.69032,0.22754574,49.600315,84.0,4.0
2.4577742,1.6903162,0.22754955,49.601604,85.0,4.0
2.4577436,1.6903086,0.22755718,49.60287,86.0,4.0
2.457714,1.6903028,0.2275629,49.6041,87.0,4.0
2.4576845,1.6902971,0.22756863,49.60531,88.0,4.0
2.457655,1.6902905,0.2275753,49.606495,89.0,4.0
2.4576273,1.6902876,0.22757816,49.607655,90.0,4.0
2.4575996,1.69028,0.22758579,49.608784,91.0,4.0
2.457573,1.6902752,0.22759056,49.609898,92.0,4.0
2.4575472,1.6902704,0.22759533,49.61099,93.0,4.0
2.4575205,1.6902657,0.2276001,49.61205,94.0,4.0
2.4574966,1.6902609,0.22760487,49.6131,95.0,4.0
2.457471,1.6902561,0.22760963,49.614117,96.0,4.0
2.457448,1.6902514,0.2276144,49.61512,97.0,4.0
2.4574242,1.6902466,0.22761917,49.616104,98.0,4.0
2.4574003,1.6902418,0.22762394,49.617065,99.0,4.0
2.4573784,1.690238,0.22762775,49.618015,100.0,4.0
2.4573565,1.6902351,0.22763062,49.618935,101.0,4.0
2.4573345,1.6902304,0.22763538,49.61985,102.0,4.0
2.4573145,1.6902256,0.22764015,49.62074,103.0,4.0
2.4572926,1.6902218,0.22764397,49.621616,104.0,4.0
2.4572725,1.690217,0.22764874,49.62248,105.0,4.0
2.4572535,1.6902132,0.22765255,49.62332,106.0,4.0
2.4572344,1.6902094,0.22765636,49.624153,107.0,4.0
2.4572144,1.6902056,0.22766018,49.624966,108.0,4.0
2.4571953,1.6902027,0.22766304,49.62576,109.0,4.0
2.4571772,1.6901989,0.22766685,49.626545,110.0,4.0
2.457159,1.6901941,0.22767162,49.627316,111.0,4.0
2.457141,1.6901922,0.22767353,49.628075,112.0,4.0
2.4571228,1.6901884,0.22767735,49.628815,113.0,4.0
2.4571066,1.6901855,0.2276802,49.629555,114.0,4.0
2.4570904,1.6901817,0.22768402,49.63027,115.0,4.0
2.457075,1.6901779,0.22768784,49.630978,116.0,4.0
2.457057,1.6901741,0.22769165,49.631676,117.0,4.0
2.4570417,1.6901712,0.22769451,49.63236,118.0,4.0
2.4570255,1.6901684,0.22769737,49.63303,119.0,4.0
2.4570103,1.6901655,0.22770023,49.633698,120.0,4.0
2.456997,1.6901617,0.22770405,49.63435,121.0,4.0
2.4569798,1.6901588,0.22770691,49.63499,122.0,4.0
2.4569664,1.690155,0.22771072,49.63562,123.0,4.0
2.456953,1.6901531,0.22771263,49.636246,124.0,4.0
2.4569387,1.6901512,0.22771454,49.63686,125.0,4.0
2.4569235,1.6901493,0.22771645,49.637463,126.0,4.0
2.456911,1.6901464,0.2277193,49.638058,127.0,4.0
2.4568968,1.6901426,0.22772312,49.63864,128.0,4.0
2.4568844,1.6901398,0.22772598,49.639217,129.0,4.0
2.456871,1.690136,0.2277298,49.639786,130.0,4.0
2.4568577,1.690135,0.22773075,49.640343,131.0,4.0
2.4568472,1.6901312,0.22773457,49.6409,132.0,4.0
2.4568338,1.6901293,0.22773647,49.641438,133.0,4.0
2.4568214,1.6901264,0.22773933,49.64198,134.0,4.0
2.45681,1.6901236,0.2277422,49.6425,135.0,4.0
2.4567976,1.6901217,0.2277441,49.643024,136.0,4.0
2.4567862,1.6901197,0.22774601,49.643536,137.0,4.0
2.4567738,1.6901169,0.22774887,49.644047,138.0,4.0
2.4567633,1.6901131,0.22775269,49.644543,139.0,4.0
2.4567518,1.6901121,0.22775364,49.64504,140.0,4.0
2.4567413,1.6901102,0.22775555,49.645523,141.0,4.0
2.45673,1.6901083,0.22775745,49.646004,142.0,4.0
2.4567194,1.6901045,0.22776127,49.646473,143.0,4.0
2.4567099,1.6901035,0.22776222,49.646942,144.0,4.0
2.4566994,1.6901007,0.22776508,49.647404,145.0,4.0
2.456689,1.6900997,0.22776604,49.647865,146.0,4.0
2.4566793,1.6900959,0.22776985,49.648315,147.0,4.0
2.4566698,1.6900959,0.22776985,49.648754,148.0,4.0
2.4566584,1.690093,0.22777271,49.649185,149.0,4.0
2.4566488,1.6900921,0.22777367,49.649624,150.0,4.0
2.4566402,1.6900892,0.22777653,49.65005,151.0,4.0
2.4566307,1.6900864,0.22777939,49.650475,152.0,4.0
2.4566212,1.6900864,0.22777939,49.650883,153.0,4.0
2.4566116,1.6900826,0.2277832,49.6513,154.0,4.0
2.456603,1.6900826,0.2277832,49.65171,155.0,4.0
2.4565945,1.6900797,0.22778606,49.652107,156.0,4.0
2.456586,1.6900768,0.22778893,49.6525,157.0,4.0
2.4565783,1.6900759,0.22778988,49.65289,158.0,4.0
2.4565697,1.690074,0.22779179,49.65328,159.0,4.0
2.4565601,1.6900721,0.2277937,49.653656,160.0,4.0
2.4565516,1.6900702,0.2277956,49.654034,161.0,4.0
2.456543,1.6900682,0.22779751,49.654404,162.0,4.0
2.4565353,1.6900673,0.22779846,49.65477,163.0,4.0
2.4565268,1.6900663,0.22779942,49.65514,164.0,4.0
2.4565191,1.6900635,0.22780228,49.655495,165.0,4.0
2.4565115,1.6900635,0.22780228,49.655853,166.0,4.0
2.456503,1.6900587,0.22780704,49.65621,167.0,4.0
2.4564953,1.6900587,0.22780704,49.65655,168.0,4.0
2.4564886,1.6900578,0.227808,49.656895,169.0,4.0
2.456481,1.6900558,0.2278099,49.657234,170.0,4.0
2.4564743,1.6900539,0.22781181,49.65757,171.0,4.0
2.4564657,1.690052,0.22781372,49.657906,172.0,4.0
2.456459,1.6900501,0.22781563,49.65823,173.0,4.0
2.4564524,1.6900501,0.22781563,49.65855,174.0,4.0
2.4564447,1.6900482,0.22781754,49.658875,175.0,4.0
2.456438,1.6900454,0.2278204,49.659187,176.0,4.0
2.4564323,1.6900444,0.22782135,49.6595,177.0,4.0
2.4564247,1.6900425,0.22782326,49.659817,178.0,4.0
2.456418,1.6900406,0.22782516,49.660114,179.0,4.0
2.4564123,1.6900406,0.22782516,49.66042,180.0,4.0
2.4564037,1.6900387,0.22782707,49.66072,181.0,4.0
2.456399,1.6900368,0.22782898,49.661015,182.0,4.0
2.4563904,1.6900368,0.22782898,49.661312,183.0,4.0
2.4563856,1.6900339,0.22783184,49.661602,184.0,4.0
2.45638,1.690032,0.22783375,49.661884,185.0,4.0
2.4563742,1.690032,0.22783375,49.662174,186.0,4.0
2.4563665,1.690031,0.2278347,49.662453,187.0,4.0
2.4563599,1.6900291,0.22783661,49.66273,188.0,4.0
2.4563541,1.6900282,0.22783756,49.663013,189.0,4.0
2.4563503,1.6900272,0.22783852,49.66328,190.0,4.0
2.4563446,1.6900263,0.22783947,49.663548,191.0,4.0
2.456339,1.6900253,0.22784042,49.663815,192.0,4.0
2.4563332,1.6900234,0.22784233,49.664074,193.0,4.0
2.4563265,1.6900215,0.22784424,49.664345,194.0,4.0
2.4563198,1.6900196,0.22784615,49.664604,195.0,4.0
2.456315,1.6900196,0.22784615,49.664856,196.0,4.0
2.4563093,1.6900177,0.22784805,49.665108,197.0,4.0
2.4563036,1.6900167,0.227849,49.66536,198.0,4.0
2.4562988,1.6900158,0.22784996,49.66561,199.0,4.0
5.9642043,1.4681263,0.44973946,553.917,0.0,5.0
3.1008253,1.6585274,0.25933838,339.66144,1.0,5.0
2.781992,1.6784554,0.2394104,261.54102,2.0,5.0
2.6453161,1.693676,0.22418976,158.01082,3.0,5.0
2.5844479,1.709981,0.20788479,65.91368,4.0,5.0
2.5428915,1.7098961,0.20796967,45.92613,5.0,5.0
2.5101786,1.7019892,0.21587658,47.2956,6.0,5.0
2.4895735,1.6967258,0.22113991,48.336456,7.0,5.0
2.4767065,1.6934347,0.22443104,48.991325,8.0,5.0
2.4686737,1.6914206,0.2264452,49.392746,9.0,5.0
2.463644,1.6902046,0.22766113,49.634014,10.0,5.0
2.4604664,1.6894827,0.22838306,49.776726,11.0,5.0
2.4584284,1.6890564,0.22880936,49.860035,12.0,5.0
2.4570856,1.6888065,0.22905922,49.90812,13.0,5.0
2.456171,1.6886635,0.22920227,49.935688,14.0,5.0
2.4555187,1.6885786,0.22928715,49.951466,15.0,5.0
2.4550323,1.6885281,0.22933769,49.960564,16.0,5.0
2.45465,1.6885004,0.22936535,49.96597,17.0,5.0
2.4543371,1.6884813,0.22938442,49.969337,18.0,5.0
2.454073,1.6884689,0.22939682,49.97159,19.0,5.0
2.453844,1.6884613,0.22940445,49.973217,20.0,5.0
2.453642,1.6884556,0.22941017,49.97447,21.0,5.0
2.4534655,1.6884499,0.2294159,49.975456,22.0,5.0
2.4533043,1.688448,0.2294178,49.976223,23.0,5.0
2.4531622,1.688446,0.22941971,49.976788,24.0,5.0
2.4530344,1.688446,0.22941971,49.977146,25.0,5.0
2.4529219,1.688446,0.22941971,49.97729,26.0,5.0
2.4528217,1.688448,0.2294178,49.97721,27.0,5.0
2.452732,1.6884499,0.2294159,49.976906,28.0,5.0
2.4526558,1.6884546,0.22941113,49.976387,29.0,5.0
2.452588,1.6884584,0.22940731,49.975655,30.0,5.0
2.45253,1.6884651,0.22940063,49.974705,31.0,5.0
2.4524794,1.6884718,0.22939396,49.97355,32.0,5.0
2.4524393,1.6884804,0.22938538,49.9722,33.0,5.0
2.452404,1.688488,0.22937775,49.970676,34.0,5.0
2.4523773,1.6884985,0.22936726,49.968983,35.0,5.0
2.4523573,1.688508,0.22935772,49.967133,36.0,5.0
2.4523401,1.6885185,0.22934723,49.965137,37.0,5.0
2.4523306,1.68853,0.22933578,49.96301,38.0,5.0
2.4523258,1.6885414,0.22932434,49.960766,39.0,5.0
2.452324,1.6885548,0.22931099,49.958405,40.0,5.0
2.4523277,1.6885681,0.22929764,49.955948,41.0,5.0
2.4523335,1.6885815,0.22928429,49.953396,42.0,5.0
2.452343,1.6885948,0.22927094,49.950768,43.0,5.0
2.4523563,1.6886082,0.22925758,49.948067,44.0,5.0
2.4523716,1.6886225,0.22924328,49.9453,45.0,5.0
2.4523888,1.6886377,0.22922802,49.942482,46.0,5.0
2.4524107,1.688652,0.22921371,49.939613,47.0,5.0
2.4524336,1.6886673,0.22919846,49.9367,48.0,5.0
2.4524574,1.6886806,0.2291851,49.93375,49.0,5.0
2.4524832,1.6886959,0.22916985,49.93078,50.0,5.0
2.4525118,1.6887112,0.22915459,49.927773,51.0,5.0
2.4525404,1.6887274,0.22913837,49.924747,52.0,5.0
2.45257,1.6887426,0.22912312,49.921715,53.0,5.0
2.4526024,1.6887579,0.22910786,49.918667,54.0,5.0
2.4526348,1.6887722,0.22909355,49.915607,55.0,5.0
2.4526691,1.6887884,0.22907734,49.91255,56.0,5.0
2.4527016,1.6888037,0.22906208,49.90949,57.0,5.0
2.4527369,1.6888199,0.22904587,49.906433,58.0,5.0
2.4527721,1.6888342,0.22903156,49.90338,59.0,5.0
2.4528084,1.6888494,0.2290163,49.900337,60.0,5.0
2.4528446,1.6888657,0.22900009,49.897316,61.0,5.0
2.4528818,1.68888,0.22898579,49.8943,62.0,5.0
2.452918,1.6888952,0.22897053,49.891285,63.0,5.0
2.4529552,1.6889105,0.22895527,49.8883,64.0,5.0
2.4529934,1.6889248,0.22894096,49.885338,65.0,5.0
2.4530315,1.68894,0.2289257,49.882385,66.0,5.0
2.4530687,1.6889544,0.2289114,49.87946,67.0,5.0
2.4531069,1.6889677,0.22889805,49.876556,68.0,5.0
2.453144,1.688983,0.22888279,49.873672,69.0,5.0
2.4531822,1.6889973,0.22886848,49.870823,70.0,5.0
2.4532204,1.6890116,0.22885418,49.867985,71.0,5.0
2.4532576,1.6890259,0.22883987,49.86519,72.0,5.0
2.4532957,1.6890392,0.22882652,49.862408,73.0,5.0
2.453333,1.6890535,0.22881222,49.859673,74.0,5.0
2.45337,1.6890669,0.22879887,49.856956,75.0,5.0
2.4534073,1.6890802,0.22878551,49.854263,76.0,5.0
2.4534445,1.6890926,0.22877312,49.851604,77.0,5.0
2.4534807,1.689106,0.22875977,49.84898,78.0,5.0
2.453518,1.6891193,0.22874641,49.846386,79.0,5.0
2.4535532,1.6891317,0.22873402,49.843815,80.0,5.0
2.4535894,1.6891441,0.22872162,49.841293,81.0,5.0
2.4536247,1.6891565,0.22870922,49.838787,82.0,5.0
2.45366,1.6891689,0.22869682,49.83632,83.0,5.0
2.4536934,1.6891804,0.22868538,49.833878,84.0,5.0
2.4537296,1.6891918,0.22867393,49.831474,85.0,5.0
2.453764,1.6892052,0.22866058,49.82911,86.0,5.0
2.4537964,1.6892157,0.2286501,49.826763,87.0,5.0
2.4538307,1.689228,0.2286377,49.82445,88.0,5.0
2.4538631,1.6892395,0.22862625,49.822174,89.0,5.0
2.4538965,1.689249,0.22861671,49.81993,90.0,5.0
2.453929,1.6892605,0.22860527,49.817715,91.0,5.0
2.4539604,1.689271,0.22859478,49.81554,92.0,5.0
2.453992,1.6892815,0.22858429,49.813385,93.0,5.0
2.4540234,1.689291,0.22857475,49.811268,94.0,5.0
2.4540539,1.6893034,0.22856236,49.809177,95.0,5.0
2.4540844,1.6893139,0.22855186,49.80712,96.0,5.0
2.454114,1.6893225,0.22854328,49.805096,97.0,5.0
2.4541435,1.6893339,0.22853184,49.803097,98.0,5.0
2.454173,1.6893425,0.22852325,49.801144,99.0,5.0
2.4542027,1.689352,0.22851372,49.7992,100.0,5.0
2.4542303,1.6893625,0.22850323,49.79729,101.0,5.0
2.4542599,1.6893711,0.22849464,49.795414,102.0,5.0
2.4542866,1.6893806,0.2284851,49.793575,103.0,5.0
2.4543133,1.6893892,0.22847652,49.791748,104.0,5.0
2.454341,1.6893997,0.22846603,49.789963,105.0,5.0
2.4543667,1.6894073,0.2284584,49.788204,106.0,5.0
2.4543934,1.689415,0.22845078,49.78647,107.0,5.0
2.4544191,1.6894245,0.22844124,49.78476,108.0,5.0
2.454445,1.6894331,0.22843266,49.78308,109.0,5.0
2.4544697,1.6894407,0.22842503,49.781433,110.0,5.0
2.4544926,1.6894484,0.2284174,49.77981,111.0,5.0
2.4545174,1.689455,0.22841072,49.77821,112.0,5.0
2.4545412,1.6894636,0.22840214,49.776634,113.0,5.0
2.454565,1.6894712,0.22839451,49.775093,114.0,5.0
2.454588,1.6894798,0.22838593,49.773567,115.0,5.0
2.4546108,1.6894875,0.2283783,49.77207,116.0,5.0
2.4546328,1.6894932,0.22837257,49.770603,117.0,5.0
2.4546556,1.6895018,0.22836399,49.769154,118.0,5.0
2.4546766,1.6895084,0.22835732,49.767727,119.0,5.0
2.4546995,1.6895151,0.22835064,49.76633,120.0,5.0
2.4547195,1.6895208,0.22834492,49.764946,121.0,5.0
2.4547405,1.6895275,0.22833824,49.763596,122.0,5.0
2.4547606,1.6895351,0.22833061,49.76227,123.0,5.0
2.4547806,1.6895428,0.22832298,49.760963,124.0,5.0
2.4548006,1.6895485,0.22831726,49.75967,125.0,5.0
2.4548197,1.6895552,0.22831059,49.7584,126.0,5.0
2.4548378,1.6895609,0.22830486,49.75716,127.0,5.0
2.4548578,1.6895657,0.2283001,49.75593,128.0,5.0
2.454876,1.6895723,0.22829342,49.75473,129.0,5.0
2.454893,1.689579,0.22828674,49.75355,130.0,5.0
2.4549131,1.6895847,0.22828102,49.752384,131.0,5.0
2.4549294,1.6895905,0.2282753,49.751244,132.0,5.0
2.4549475,1.6895952,0.22827053,49.750126,133.0,5.0
2.4549646,1.6896019,0.22826385,49.74901,134.0,5.0
2.4549809,1.6896057,0.22826004,49.747925,135.0,5.0
2.454997,1.6896105,0.22825527,49.746857,136.0,5.0
2.4550142,1.6896172,0.2282486,49.74581,137.0,5.0
2.4550295,1.6896229,0.22824287,49.74478,138.0,5.0
2.4550447,1.6896286,0.22823715,49.743767,139.0,5.0
2.455061,1.6896315,0.22823429,49.74276,140.0,5.0
2.4550762,1.6896362,0.22822952,49.741783,141.0,5.0
2.4550905,1.689641,0.22822475,49.740814,142.0,5.0
2.4551048,1.6896458,0.22821999,49.73987,143.0,5.0
2.45512,1.6896505,0.22821522,49.73893,144.0,5.0
2.4551334,1.6896563,0.2282095,49.73802,145.0,5.0
2.4551487,1.6896601,0.22820568,49.737118,146.0,5.0
2.455162,1.6896658,0.22819996,49.736233,147.0,5.0
2.4551744,1.6896687,0.2281971,49.735363,148.0,5.0
2.4551878,1.6896725,0.22819328,49.734505,149.0,5.0
2.4552011,1.6896772,0.22818851,49.73366,150.0,5.0
2.4552126,1.689682,0.22818375,49.732838,151.0,5.0
2.455227,1.6896849,0.22818089,49.73203,152.0,5.0
2.4552393,1.6896896,0.22817612,49.731228,153.0,5.0
2.4552507,1.6896925,0.22817326,49.730442,154.0,5.0
2.4552631,1.6896973,0.22816849,49.729668,155.0,5.0
2.4552755,1.6897011,0.22816467,49.728905,156.0,5.0
2.455286,1.6897049,0.22816086,49.72816,157.0,5.0
2.4552975,1.6897087,0.22815704,49.72743,158.0,5.0
2.455309,1.6897116,0.22815418,49.7267,159.0,5.0
2.4553204,1.6897154,0.22815037,49.725983,160.0,5.0
2.4553308,1.6897182,0.2281475,49.725296,161.0,5.0
2.4553404,1.689723,0.22814274,49.72461,162.0,5.0
2.4553509,1.6897268,0.22813892,49.723934,163.0,5.0
2.4553614,1.6897297,0.22813606,49.72327,164.0,5.0
2.4553719,1.6897316,0.22813416,49.722614,165.0,5.0
2.4553814,1.6897345,0.2281313,49.721977,166.0,5.0
2.455391,1.6897383,0.22812748,49.721344,167.0,5.0
2.4554005,1.689743,0.22812271,49.720726,168.0,5.0
2.45541,1.689743,0.22812271,49.720116,169.0,5.0
2.4554195,1.6897478,0.22811794,49.719517,170.0,5.0
2.455429,1.6897507,0.22811508,49.71892,171.0,5.0
2.4554377,1.6897535,0.22811222,49.71835,172.0,5.0
2.4554462,1.6897554,0.22811031,49.71778,173.0,5.0
2.4554558,1.6897593,0.2281065,49.717216,174.0,5.0
2.4554634,1.6897612,0.22810459,49.716667,175.0,5.0
2.455471,1.689764,0.22810173,49.716125,176.0,5.0
2.4554796,1.6897688,0.22809696,49.715595,177.0,5.0
2.4554863,1.6897697,0.22809601,49.715073,178.0,5.0
2.4554958,1.6897717,0.2280941,49.71455,179.0,5.0
2.4555035,1.6897755,0.22809029,49.714043,180.0,5.0
2.4555101,1.6897774,0.22808838,49.713543,181.0,5.0
2.4555168,1.6897812,0.22808456,49.713055,182.0,5.0
2.4555254,1.6897821,0.22808361,49.712578,183.0,5.0
2.455533,1.689785,0.22808075,49.7121,184.0,5.0
2.4555397,1.689786,0.2280798,49.71163,185.0,5.0
2.4555464,1.6897898,0.22807598,49.711178,186.0,5.0
2.455554,1.6897917,0.22807407,49.71072,187.0,5.0
2.4555607,1.6897945,0.22807121,49.71028,188.0,5.0
2.4555664,1.6897964,0.2280693,49.709846,189.0,5.0
2.455574,1.6897984,0.2280674,49.70942,190.0,5.0
2.4555817,1.6898003,0.22806549,49.708996,191.0,5.0
2.4555864,1.6898022,0.22806358,49.708584,192.0,5.0
2.4555922,1.6898041,0.22806168,49.70817,193.0,5.0
2.4555988,1.6898069,0.22805882,49.707775,194.0,5.0
2.4556036,1.6898079,0.22805786,49.707382,195.0,5.0
2.4556103,1.6898098,0.22805595,49.70699,196.0,5.0
2.455616,1.6898108,0.228055,49.706608,197.0,5.0
2.4556227,1.6898146,0.22805119,49.706234,198.0,5.0
2.4556274,1.6898155,0.22805023,49.705856,199.0,5.0
5.766345,1.3381443,0.57972145,585.932,0.0,6.0
3.2420683,1.8260193,0.091846466,24.745146,1.0,6.0
2.7821865,1.7590704,0.15879536,36.632256,2.0,6.0
2.5497532,1.7063446,0.21152115,46.883114,3.0,6.0
2.4403434,1.678379,0.2394867,52.590195,4.0,6.0
2.3882384,1.6640501,0.25381565,55.59952,5.0,6.0
2.3628511,1.6568689,0.26099682,57.126938,6.0,6.0
2.351387,1.6537666,0.26409912,57.781948,7.0,6.0
2.3476853,1.6530533,0.26481247,57.915787,8.0,6.0
2.3485174,1.6537523,0.26411343,57.737137,9.0,6.0
2.3520913,1.6552973,0.26256847,57.37139,10.0,6.0
2.3573394,1.6573372,0.26052856,56.896717,11.0,6.0
2.3635721,1.6596422,0.25822353,56.364853,12.0,6.0
2.3703046,1.6620512,0.25581455,55.812096,13.0,6.0
2.3771744,1.6644478,0.25341797,55.26472,14.0,6.0
2.3839092,1.666749,0.25111675,54.741467,15.0,6.0
2.3903136,1.6688976,0.24896812,54.254925,16.0,6.0
2.3962555,1.6708584,0.24700737,53.8124,17.0,6.0
2.4016614,1.6726179,0.24524784,53.416958,18.0,6.0
2.4065032,1.6741743,0.24369144,53.068344,19.0,6.0
2.4107904,1.6755381,0.24232769,52.764023,20.0,6.0
2.414554,1.6767244,0.24114132,52.500034,21.0,6.0
2.4178429,1.6777544,0.24011135,52.27178,22.0,6.0
2.4207096,1.678648,0.23921776,52.074482,23.0,6.0
2.4232092,1.6794243,0.23844147,51.903603,24.0,6.0
2.4253926,1.6801023,0.2377634,51.755016,25.0,6.0
2.4273086,1.6806984,0.23716736,51.62509,26.0,6.0
2.428999,1.6812239,0.23664188,51.510746,27.0,6.0
2.4304981,1.6816912,0.23617458,51.409386,28.0,6.0
2.4318366,1.6821108,0.23575497,51.31886,29.0,6.0
2.4330397,1.6824903,0.2353754,51.237427,30.0,6.0
2.4341288,1.6828346,0.23503113,51.16366,31.0,6.0
2.4351206,1.6831484,0.23471737,51.096405,32.0,6.0
2.4360275,1.6834393,0.2344265,51.034733,33.0,6.0
2.436863,1.6837072,0.23415852,50.977882,34.0,6.0
2.4376354,1.6839561,0.2339096,50.925243,35.0,6.0
2.4383526,1.6841879,0.23367786,50.87632,36.0,6.0
2.4390206,1.6844053,0.23346043,50.830696,37.0,6.0
2.4396448,1.6846085,0.2332573,50.788033,38.0,6.0
2.4402285,1.6847992,0.23306656,50.74804,39.0,6.0
2.4407768,1.6849785,0.23288727,50.710487,40.0,6.0
2.4412928,1.6851482,0.23271751,50.675163,41.0,6.0
2.4417782,1.6853075,0.23255825,50.64189,42.0,6.0
2.442237,1.6854582,0.23240757,50.610508,43.0,6.0
2.4426699,1.6856012,0.23226452,50.580887,44.0,6.0
2.443078,1.6857357,0.23213005,50.55289,45.0,6.0
2.4434638,1.6858635,0.23200226,50.52642,46.0,6.0
2.44383,1.6859837,0.2318821,50.501358,47.0,6.0
2.4441762,1.6860981,0.23176765,50.47763,48.0,6.0
2.4445047,1.6862078,0.23165798,50.455128,49.0,6.0
2.4448166,1.6863098,0.23155594,50.43378,50.0,6.0
2.4451137,1.6864071,0.23145866,50.41352,51.0,6.0
2.445396,1.6865015,0.23136425,50.39426,52.0,6.0
2.445664,1.6865902,0.23127556,50.37595,53.0,6.0
2.4459186,1.6866741,0.23119164,50.358517,54.0,6.0
2.4461622,1.6867542,0.23111153,50.341923,55.0,6.0
2.446394,1.6868286,0.23103714,50.326088,56.0,6.0
2.4466152,1.686903,0.23096275,50.310978,57.0,6.0
2.446827,1.6869726,0.23089314,50.29655,58.0,6.0
2.44703,1.6870403,0.23082542,50.28275,59.0,6.0
2.4472246,1.6871023,0.23076344,50.269547,60.0,6.0
2.44741,1.6871643,0.23070145,50.2569,61.0,6.0
2.447589,1.6872225,0.23064327,50.24478,62.0,6.0
2.44776,1.6872778,0.23058796,50.233147,63.0,6.0
2.4479246,1.6873312,0.23053455,50.22197,64.0,6.0
2.4480824,1.6873827,0.23048306,50.211243,65.0,6.0
2.4482336,1.6874332,0.23043251,50.20092,66.0,6.0
2.4483805,1.687479,0.23038673,50.190983,67.0,6.0
2.4485207,1.6875257,0.23034,50.181427,68.0,6.0
2.4486551,1.6875696,0.23029613,50.172234,69.0,6.0
2.4487858,1.6876116,0.23025417,50.163372,70.0,6.0
2.4489098,1.6876516,0.23021412,50.15485,71.0,6.0
2.449029,1.6876907,0.23017502,50.146652,72.0,6.0
2.449144,1.687727,0.23013878,50.13876,73.0,6.0
2.449255,1.6877642,0.23010159,50.13117,74.0,6.0
2.44936,1.6877975,0.2300682,50.123886,75.0,6.0
2.449461,1.6878309,0.23003483,50.11688,76.0,6.0
2.4495564,1.6878633,0.2300024,50.11017,77.0,6.0
2.449648,1.6878929,0.22997284,50.103745,78.0,6.0
2.4497352,1.6879225,0.22994328,50.097603,79.0,6.0
2.4498167,1.6879492,0.22991657,50.09173,80.0,6.0
2.449894,1.6879759,0.22988987,50.086136,81.0,6.0
2.4499664,1.6880016,0.22986412,50.0808,82.0,6.0
2.450036,1.6880245,0.22984123,50.075737,83.0,6.0
2.4501,1.6880484,0.22981739,50.070942,84.0,6.0
2.450161,1.6880693,0.22979641,50.066387,85.0,6.0
2.4502163,1.6880894,0.22977638,50.062073,86.0,6.0
2.4502687,1.6881094,0.22975636,50.058002,87.0,6.0
2.4503164,1.6881266,0.22973919,50.054173,88.0,6.0
2.4503613,1.6881437,0.22972202,50.050568,89.0,6.0
2.4504023,1.68816,0.22970581,50.047173,90.0,6.0
2.45044,1.6881752,0.22969055,50.043983,91.0,6.0
2.4504743,1.6881895,0.22967625,50.04099,92.0,6.0
2.4505062,1.6882038,0.22966194,50.038185,93.0,6.0
2.4505348,1.6882162,0.22964954,50.03555,94.0,6.0
2.45056,1.6882267,0.22963905,50.033077,95.0,6.0
2.4505844,1.6882381,0.22962761,50.03076,96.0,6.0
2.4506063,1.6882477,0.22961807,50.02859,97.0,6.0
2.450625,1.6882591,0.22960663,50.026558,98.0,6.0
2.4506426,1.6882677,0.22959805,50.02465,99.0,6.0
2.4506583,1.6882763,0.22958946,50.022854,100.0,6.0
2.4506721,1.6882858,0.22957993,50.02116,101.0,6.0
2.4506855,1.6882935,0.2295723,50.019566,102.0,6.0
2.450698,1.6883001,0.22956562,50.018066,103.0,6.0
2.4507084,1.6883068,0.22955894,50.01664,104.0,6.0
2.450718,1.6883154,0.22955036,50.01528,105.0,6.0
2.4507265,1.6883211,0.22954464,50.013996,106.0,6.0
2.4507346,1.6883268,0.22953892,50.01277,107.0,6.0
2.4507418,1.6883326,0.2295332,50.0116,108.0,6.0
2.4507494,1.6883392,0.22952652,50.01048,109.0,6.0
2.450756,1.688344,0.22952175,50.0094,110.0,6.0
2.4507613,1.6883497,0.22951603,50.008358,111.0,6.0
2.4507685,1.6883554,0.2295103,50.007347,112.0,6.0
2.4507742,1.6883602,0.22950554,50.006363,113.0,6.0
2.450779,1.688365,0.22950077,50.00541,114.0,6.0
2.4507852,1.6883698,0.229496,50.00447,115.0,6.0
2.45079,1.6883745,0.22949123,50.003548,116.0,6.0
2.4507957,1.6883793,0.22948647,50.002647,117.0,6.0
2.450801,1.688384,0.2294817,50.00176,118.0,6.0
2.450807,1.6883888,0.22947693,50.000874,119.0,6.0
2.4508123,1.6883926,0.22947311,50.000004,120.0,6.0
2.450818,1.6883984,0.22946739,49.999134,121.0,6.0
2.4508247,1.6884012,0.22946453,49.998276,122.0,6.0
2.4508314,1.688407,0.22945881,49.99741,123.0,6.0
2.4508371,1.6884108,0.229455,49.99656,124.0,6.0
2.4508448,1.6884155,0.22945023,49.995705,125.0,6.0
2.4508524,1.6884203,0.22944546,49.994846,126.0,6.0
2.450859,1.6884251,0.22944069,49.99398,127.0,6.0
2.4508667,1.6884279,0.22943783,49.99312,128.0,6.0
2.4508753,1.6884336,0.2294321,49.99225,129.0,6.0
2.450882,1.6884375,0.22942829,49.991386,130.0,6.0
2.4508915,1.6884413,0.22942448,49.990517,131.0,6.0
2.4509,1.688446,0.22941971,49.989624,132.0,6.0
2.4509096,1.6884508,0.22941494,49.98874,133.0,6.0
2.4509182,1.6884556,0.22941017,49.987854,134.0,6.0
2.4509277,1.6884613,0.22940445,49.986954,135.0,6.0
2.4509373,1.6884642,0.22940159,49.986046,136.0,6.0
2.4509478,1.6884689,0.22939682,49.98513,137.0,6.0
2.4509583,1.6884747,0.2293911,49.98421,138.0,6.0
2.4509687,1.6884794,0.22938633,49.983284,139.0,6.0
2.4509802,1.6884842,0.22938156,49.98235,140.0,6.0
2.4509907,1.688488,0.22937775,49.981415,141.0,6.0
2.4510021,1.6884918,0.22937393,49.98047,142.0,6.0
2.4510136,1.6884966,0.22936916,49.979515,143.0,6.0
2.451026,1.6885023,0.22936344,49.978554,144.0,6.0
2.4510384,1.6885071,0.22935867,49.97759,145.0,6.0
2.4510508,1.6885128,0.22935295,49.976616,146.0,6.0
2.451064,1.6885166,0.22934914,49.975636,147.0,6.0
2.4510765,1.6885214,0.22934437,49.97465,148.0,6.0
2.4510899,1.6885271,0.22933865,49.973663,149.0,6.0
2.4511032,1.6885309,0.22933483,49.972664,150.0,6.0
2.4511166,1.6885357,0.22933006,49.971664,151.0,6.0
2.45113,1.6885414,0.22932434,49.970654,152.0,6.0
2.4511452,1.6885452,0.22932053,49.96964,153.0,6.0
2.4511576,1.688551,0.2293148,49.96862,154.0,6.0
2.4511728,1.6885557,0.22931004,49.967598,155.0,6.0
2.4511871,1.6885605,0.22930527,49.966576,156.0,6.0
2.4512014,1.6885662,0.22929955,49.965538,157.0,6.0
2.4512157,1.6885719,0.22929382,49.964497,158.0,6.0
2.451231,1.6885767,0.22928905,49.963467,159.0,6.0
2.4512463,1.6885815,0.22928429,49.962418,160.0,6.0
2.4512615,1.6885872,0.22927856,49.961376,161.0,6.0
2.4512777,1.6885929,0.22927284,49.960323,162.0,6.0
2.451292,1.6885967,0.22926903,49.95927,163.0,6.0
2.4513083,1.6886024,0.2292633,49.958214,164.0,6.0
2.4513245,1.6886072,0.22925854,49.957153,165.0,6.0
2.4513397,1.6886139,0.22925186,49.956097,166.0,6.0
2.451356,1.6886168,0.229249,49.95504,167.0,6.0
2.4513712,1.6886225,0.22924328,49.953964,168.0,6.0
2.4513874,1.6886282,0.22923756,49.9529,169.0,6.0
2.4514036,1.688633,0.22923279,49.951836,170.0,6.0
2.4514198,1.6886387,0.22922707,49.950768,171.0,6.0
2.451436,1.6886435,0.2292223,49.949696,172.0,6.0
2.4514532,1.6886482,0.22921753,49.948616,173.0,6.0
2.4514694,1.6886549,0.22921085,49.94755,174.0,6.0
2.4514866,1.6886597,0.22920609,49.946472,175.0,6.0
2.4515018,1.6886654,0.22920036,49.9454,176.0,6.0
2.451519,1.6886702,0.2291956,49.944332,177.0,6.0
2.4515362,1.6886749,0.22919083,49.943253,178.0,6.0
2.4515524,1.6886806,0.2291851,49.942184,179.0,6.0
2.4515696,1.6886864,0.22917938,49.94111,180.0,6.0
2.4515858,1.6886902,0.22917557,49.940037,181.0,6.0
2.451603,1.6886959,0.22916985,49.938972,182.0,6.0
2.4516191,1.6887016,0.22916412,49.937893,183.0,6.0
2.4516373,1.6887054,0.22916031,49.936825,184.0,6.0
2.4516544,1.6887112,0.22915459,49.93576,185.0,6.0
2.4516706,1.6887169,0.22914886,49.934692,186.0,6.0
2.4516869,1.6887217,0.2291441,49.933624,187.0,6.0
2.451705,1.6887274,0.22913837,49.932568,188.0,6.0
2.4517221,1.6887321,0.2291336,49.9315,189.0,6.0
2.4517393,1.6887379,0.22912788,49.93043,190.0,6.0
2.4517546,1.6887426,0.22912312,49.92938,191.0,6.0
2.4517727,1.6887484,0.2291174,49.928326,192.0,6.0
2.451789,1.6887531,0.22911263,49.92727,193.0,6.0
2.451805,1.6887579,0.22910786,49.926212,194.0,6.0
2.4518223,1.6887636,0.22910213,49.925167,195.0,6.0
2.4518404,1.6887684,0.22909737,49.924118,196.0,6.0
2.4518566,1.6887741,0.22909164,49.923065,197.0,6.0
2.4518719,1.6887789,0.22908688,49.92202,198.0,6.0
2.45189,1.6887846,0.22908115,49.920986,199.0,6.0
5.880211,1.4863033,0.43156147,442.60217,0.0,7.0
3.2555246,1.7902079,0.12765694,34.39415,1.0,7.0
2.8874102,1.7772608,0.14060402,32.974506,2.0,7.0
2.6952944,1.7440166,0.17384815,39.066757,3.0,7.0
2.5842295,1.7193432,0.19852161,43.83608,4.0,7.0
2.5198898,1.703558,0.21430683,46.966476,5.0,7.0
2.4830332,1.6940708,0.22379398,48.877323,6.0,7.0
2.4623184,1.6886654,0.22919941,49.974346,7.0,7.0
2.4510956,1.6857958,0.23206902,50.556686,8.0,7.0
2.4454403,1.6844559,0.23340893,50.825775,9.0,7.0
2.4430256,1.6840115,0.23385334,50.91101,10.0,7.0
2.4424562,1.6840706,0.23379421,50.89296,11.0,7.0
2.4428978,1.6843987,0.23346615,50.820595,12.0,7.0
2.4438553,1.6848545,0.23301029,50.723034,13.0,7.0
2.4450378,1.6853542,0.23251057,50.617188,14.0,7.0
2.4462767,1.685853,0.2320118,50.512505,15.0,7.0
2.4474812,1.686326,0.23153877,50.414017,16.0,7.0
2.4485989,1.68676,0.23110485,50.324078,17.0,7.0
2.4496107,1.6871519,0.23071289,50.243507,18.0,7.0
2.450509,1.6874971,0.23036766,50.172264,19.0,7.0
2.4512968,1.6878023,0.23006248,50.10986,20.0,7.0
2.4519787,1.6880693,0.22979546,50.05555,21.0,7.0
2.452568,1.6883011,0.22956371,50.0085,22.0,7.0
2.4530697,1.6885023,0.22936249,49.967896,23.0,7.0
2.453498,1.6886749,0.22918987,49.932957,24.0,7.0
2.4538603,1.6888256,0.22903919,49.902946,25.0,7.0
2.4541655,1.6889534,0.2289114,49.87722,26.0,7.0
2.454422,1.689064,0.22880077,49.85518,27.0,7.0
2.4546356,1.6891575,0.22870731,49.83631,28.0,7.0
2.454815,1.6892405,0.22862434,49.82017,29.0,7.0
2.4549618,1.6893101,0.22855473,49.80636,30.0,7.0
2.455083,1.6893702,0.22849464,49.794548,31.0,7.0
2.455184,1.6894217,0.22844315,49.784428,32.0,7.0
2.455264,1.6894665,0.22839832,49.77577,33.0,7.0
2.45533,1.6895046,0.22836018,49.768337,34.0,7.0
2.4553833,1.689537,0.22832775,49.76195,35.0,7.0
2.4554262,1.6895666,0.22829819,49.756447,36.0,7.0
2.4554596,1.6895905,0.22827435,49.7517,37.0,7.0
2.4554863,1.6896124,0.22825241,49.747597,38.0,7.0
2.4555063,1.6896334,0.22823143,49.74402,39.0,7.0
2.4555235,1.6896477,0.22821712,49.740906,40.0,7.0
2.455535,1.6896629,0.22820187,49.738182,41.0,7.0
2.4555435,1.6896744,0.22819042,49.735783,42.0,7.0
2.4555492,1.6896868,0.22817802,49.733665,43.0,7.0
2.455555,1.6896963,0.22816849,49.73177,44.0,7.0
2.455556,1.6897058,0.22815895,49.730083,45.0,7.0
2.4555588,1.6897144,0.22815037,49.72856,46.0,7.0
2.4555597,1.6897211,0.22814369,49.727177,47.0,7.0
2.4555597,1.6897297,0.22813511,49.725914,48.0,7.0
2.4555597,1.6897345,0.22813034,49.724754,49.0,7.0
2.4555588,1.6897402,0.22812462,49.723682,50.0,7.0
2.4555588,1.689745,0.22811985,49.72268,51.0,7.0
2.4555578,1.6897488,0.22811604,49.72175,52.0,7.0
2.4555569,1.6897545,0.22811031,49.72087,53.0,7.0
2.4555578,1.6897583,0.2281065,49.720036,54.0,7.0
2.4555569,1.689764,0.22810078,49.719242,55.0,7.0
2.4555578,1.6897678,0.22809696,49.718487,56.0,7.0
2.4555578,1.6897707,0.2280941,49.717754,57.0,7.0
2.4555578,1.6897745,0.22809029,49.717052,58.0,7.0
2.4555588,1.6897783,0.22808647,49.716373,59.0,7.0
2.4555607,1.6897821,0.22808266,49.715725,60.0,7.0
2.4555616,1.689785,0.2280798,49.71509,61.0,7.0
2.4555626,1.6897888,0.22807598,49.714474,62.0,7.0
2.4555645,1.6897917,0.22807312,49.71387,63.0,7.0
2.4555655,1.6897945,0.22807026,49.713287,64.0,7.0
2.4555683,1.6897964,0.22806835,49.712723,65.0,7.0
2.4555712,1.6898003,0.22806454,49.712162,66.0,7.0
2.455573,1.6898022,0.22806263,49.71162,67.0,7.0
2.455576,1.689806,0.22805882,49.711082,68.0,7.0
2.4555788,1.6898079,0.22805691,49.710564,69.0,7.0
2.4555817,1.6898098,0.228055,49.710052,70.0,7.0
2.4555855,1.6898117,0.2280531,49.709557,71.0,7.0
2.4555883,1.6898155,0.22804928,49.70906,72.0,7.0
2.4555922,1.6898184,0.22804642,49.708584,73.0,7.0
2.455595,1.6898193,0.22804546,49.708126,74.0,7.0
2.4555988,1.6898212,0.22804356,49.70766,75.0,7.0
2.4556017,1.6898232,0.22804165,49.70721,76.0,7.0
2.4556055,1.689825,0.22803974,49.706768,77.0,7.0
2.4556093,1.6898279,0.22803688,49.70634,78.0,7.0
2.4556112,1.6898298,0.22803497,49.705925,79.0,7.0
2.455615,1.6898317,0.22803307,49.705517,80.0,7.0
2.455618,1.6898346,0.2280302,49.705116,81.0,7.0
2.4556227,1.6898355,0.22802925,49.704723,82.0,7.0
2.4556274,1.6898365,0.2280283,49.704346,83.0,7.0
2.4556303,1.6898384,0.22802639,49.70397,84.0,7.0
2.4556332,1.6898413,0.22802353,49.703613,85.0,7.0
2.455638,1.6898422,0.22802258,49.70326,86.0,7.0
2.4556408,1.6898441,0.22802067,49.702915,87.0,7.0
2.4556437,1.6898451,0.22801971,49.702583,88.0,7.0
2.4556465,1.689847,0.2280178,49.702248,89.0,7.0
2.4556503,1.689848,0.22801685,49.70193,90.0,7.0
2.4556541,1.6898489,0.2280159,49.70162,91.0,7.0
2.455657,1.6898527,0.22801208,49.701324,92.0,7.0
2.4556599,1.6898527,0.22801208,49.701027,93.0,7.0
2.4556637,1.6898537,0.22801113,49.700745,94.0,7.0
2.4556656,1.6898556,0.22800922,49.700466,95.0,7.0
2.4556694,1.6898565,0.22800827,49.700195,96.0,7.0
2.4556713,1.6898584,0.22800636,49.69994,97.0,7.0
2.4556742,1.6898594,0.22800541,49.699684,98.0,7.0
2.455678,1.6898603,0.22800446,49.69944,99.0,7.0
2.45568,1.6898613,0.2280035,49.699192,100.0,7.0
2.4556828,1.6898623,0.22800255,49.698963,101.0,7.0
2.4556847,1.6898632,0.2280016,49.69874,102.0,7.0
2.4556875,1.6898642,0.22800064,49.698517,103.0,7.0
2.4556904,1.6898651,0.22799969,49.698307,104.0,7.0
2.4556923,1.689867,0.22799778,49.6981,105.0,7.0
2.4556952,1.689867,0.22799778,49.697918,106.0,7.0
2.455696,1.689867,0.22799778,49.697716,107.0,7.0
2.455699,1.689868,0.22799683,49.69753,108.0,7.0
2.4557018,1.6898699,0.22799492,49.69735,109.0,7.0
2.4557037,1.6898699,0.22799492,49.697178,110.0,7.0
2.4557056,1.6898708,0.22799397,49.697002,111.0,7.0
2.4557066,1.6898718,0.22799301,49.696842,112.0,7.0
2.4557085,1.6898718,0.22799301,49.69668,113.0,7.0
2.4557114,1.6898727,0.22799206,49.69653,114.0,7.0
2.4557114,1.6898737,0.2279911,49.696392,115.0,7.0
2.4557133,1.6898737,0.2279911,49.696236,116.0,7.0
2.4557152,1.6898756,0.2279892,49.696106,117.0,7.0
2.455717,1.6898756,0.2279892,49.695972,118.0,7.0
2.455717,1.6898756,0.2279892,49.695843,119.0,7.0
2.45572,1.6898766,0.22798824,49.695724,120.0,7.0
2.455721,1.6898766,0.22798824,49.695602,121.0,7.0
2.455721,1.6898775,0.22798729,49.695488,122.0,7.0
2.4557219,1.6898775,0.22798729,49.695374,123.0,7.0
2.4557247,1.6898785,0.22798634,49.695274,124.0,7.0
2.4557257,1.6898794,0.22798538,49.695168,125.0,7.0
2.4557266,1.6898804,0.22798443,49.69507,126.0,7.0
2.4557285,1.6898794,0.22798538,49.69497,127.0,7.0
2.4557276,1.6898794,0.22798538,49.69488,128.0,7.0
2.4557285,1.6898804,0.22798443,49.694794,129.0,7.0
2.4557304,1.6898813,0.22798347,49.694714,130.0,7.0
2.4557314,1.6898823,0.22798252,49.694622,131.0,7.0
2.4557323,1.6898813,0.22798347,49.694553,132.0,7.0
2.4557323,1.6898823,0.22798252,49.694473,133.0,7.0
2.4557333,1.6898823,0.22798252,49.6944,134.0,7.0
2.4557333,1.6898823,0.22798252,49.694324,135.0,7.0
2.4557343,1.6898832,0.22798157,49.694267,136.0,7.0
2.4557352,1.6898823,0.22798252,49.6942,137.0,7.0
2.4557352,1.6898832,0.22798157,49.69413,138.0,7.0
2.4557362,1.6898842,0.22798061,49.694073,139.0,7.0
2.455737,1.6898842,0.22798061,49.694023,140.0,7.0
2.4557362,1.6898842,0.22798061,49.693966,141.0,7.0
2.455737,1.6898851,0.22797966,49.69391,142.0,7.0
2.455737,1.6898842,0.22798061,49.693867,143.0,7.0
2.455738,1.6898851,0.22797966,49.693813,144.0,7.0
2.455739,1.6898851,0.22797966,49.69377,145.0,7.0
2.455738,1.6898842,0.22798061,49.69373,146.0,7.0
2.45574,1.6898851,0.22797966,49.693684,147.0,7.0
2.455739,1.6898851,0.22797966,49.69364,148.0,7.0
2.45574,1.6898851,0.22797966,49.693607,149.0,7.0
2.455739,1.689887,0.22797775,49.693573,150.0,7.0
2.455741,1.689887,0.22797775,49.69354,151.0,7.0
2.455741,1.6898861,0.2279787,49.693497,152.0,7.0
2.455739,1.6898861,0.2279787,49.693462,153.0,7.0
2.45574,1.689887,0.22797775,49.693436,154.0,7.0
2.45574,1.6898861,0.2279787,49.693405,155.0,7.0
2.455741,1.6898861,0.2279787,49.693382,156.0,7.0
2.45574,1.6898861,0.2279787,49.693356,157.0,7.0
2.45574,1.689887,0.22797775,49.693333,158.0,7.0
2.45574,1.689888,0.2279768,49.693306,159.0,7.0
2.455741,1.689888,0.2279768,49.69329,160.0,7.0
2.455741,1.689887,0.22797775,49.693268,161.0,7.0
2.45574,1.689888,0.2279768,49.69324,162.0,7.0
2.455741,1.689888,0.2279768,49.693222,163.0,7.0
2.45574,1.689888,0.2279768,49.693207,164.0,7.0
2.45574,1.689888,0.2279768,49.693188,165.0,7.0
2.455741,1.689887,0.22797775,49.693176,166.0,7.0
2.45574,1.689888,0.2279768,49.69316,167.0,7.0
2.45574,1.689888,0.2279768,49.693146,168.0,7.0
2.45574,1.689887,0.22797775,49.693134,169.0,7.0
2.45574,1.689888,0.2279768,49.693123,170.0,7.0
2.45574,1.689888,0.2279768,49.693115,171.0,7.0
2.45574,1.689888,0.2279768,49.693096,172.0,7.0
2.455739,1.689888,0.2279768,49.693085,173.0,7.0
2.45574,1.689888,0.2279768,49.69309,174.0,7.0
2.45574,1.6898861,0.2279787,49.693073,175.0,7.0
2.455739,1.689889,0.22797585,49.69306,176.0,7.0
2.455739,1.689888,0.2279768,49.69306,177.0,7.0
2.455739,1.689888,0.2279768,49.693054,178.0,7.0
2.455738,1.689887,0.22797775,49.693047,179.0,7.0
2.455738,1.689888,0.2279768,49.693043,180.0,7.0
2.455737,1.689889,0.22797585,49.693043,181.0,7.0
2.455737,1.689888,0.2279768,49.69303,182.0,7.0
2.455737,1.689888,0.2279768,49.693027,183.0,7.0
2.455737,1.689889,0.22797585,49.693027,184.0,7.0
2.4557362,1.689889,0.22797585,49.693027,185.0,7.0
2.455737,1.689888,0.2279768,49.693024,186.0,7.0
2.455737,1.689888,0.2279768,49.693016,187.0,7.0
2.4557362,1.689889,0.22797585,49.693016,188.0,7.0
2.4557352,1.689888,0.2279768,49.693024,189.0,7.0
2.4557352,1.689888,0.2279768,49.693016,190.0,7.0
2.4557352,1.689888,0.2279768,49.693012,191.0,7.0
2.4557362,1.689888,0.2279768,49.693016,192.0,7.0
2.4557343,1.689888,0.2279768,49.693016,193.0,7.0
2.4557343,1.689889,0.22797585,49.69302,194.0,7.0
2.4557343,1.689888,0.2279768,49.693027,195.0,7.0
2.4557333,1.689888,0.2279768,49.69302,196.0,7.0
2.4557333,1.689888,0.2279768,49.693024,197.0,7.0
2.4557333,1.689887,0.22797775,49.693027,198.0,7.0
2.4557333,1.689887,0.22797775,49.693027,199.0,7.0
5.843466,1.2903261,0.62753963,800.6278,0.0,8.0
3.1873417,1.7453852,0.17248058,44.95372,1.0,8.0
2.83889,1.7472162,0.17064953,40.447487,2.0,8.0
2.6819744,1.7351608,0.18270493,41.399364,3.0,8.0
2.5924425,1.7211819,0.19668388,43.665558,4.0,8.0
2.537056,1.7095442,0.20832157,45.830574,5.0,8.0
2.502513,1.7012405,0.21662521,47.44937,6.0,8.0
2.481287,1.6958094,0.22205639,48.528545,7.0,8.0
2.4685307,1.6924553,0.22541046,49.199047,8.0,8.0
2.4610815,1.6904888,0.22737694,49.592484,9.0,8.0
2.456893,1.6893959,0.22846985,49.809204,10.0,8.0
2.454671,1.6888409,0.22902489,49.91787,11.0,8.0
2.4536114,1.6886005,0.22926521,49.96279,12.0,8.0
2.4532166,1.6885433,0.22932243,49.971626,13.0,8.0
2.453188,1.6885853,0.22928047,49.961124,14.0,8.0
2.45335,1.688674,0.22919178,49.941193,15.0,8.0
2.453599,1.6887836,0.22908211,49.91754,16.0,8.0
2.4538784,1.6888981,0.22896767,49.893295,17.0,8.0
2.454156,1.6890097,0.22885609,49.870113,18.0,8.0
2.4544144,1.6891136,0.22875214,49.848766,19.0,8.0
2.45465,1.6892052,0.22866058,49.829514,20.0,8.0
2.4548597,1.6892881,0.22857761,49.812386,21.0,8.0
2.455042,1.6893625,0.22850323,49.79725,22.0,8.0
2.4552011,1.6894283,0.22843742,49.78392,23.0,8.0
2.4553404,1.6894855,0.2283802,49.7722,24.0,8.0
2.4554625,1.689537,0.2283287,49.761913,25.0,8.0
2.4555655,1.6895809,0.22828484,49.75287,26.0,8.0
2.455655,1.6896191,0.22824669,49.74491,27.0,8.0
2.4557323,1.6896553,0.22821045,49.737896,28.0,8.0
2.455799,1.6896858,0.22817993,49.731716,29.0,8.0
2.4558563,1.6897125,0.22815323,49.726265,30.0,8.0
2.455905,1.6897373,0.22812843,49.72146,31.0,8.0
2.455947,1.6897564,0.22810936,49.717213,32.0,8.0
2.4559822,1.6897755,0.22809029,49.71348,33.0,8.0
2.4560118,1.6897926,0.22807312,49.71019,34.0,8.0
2.4560375,1.6898069,0.22805882,49.7073,35.0,8.0
2.4560566,1.6898203,0.22804546,49.704758,36.0,8.0
2.4560738,1.6898308,0.22803497,49.702545,37.0,8.0
2.4560862,1.6898403,0.22802544,49.70063,38.0,8.0
2.4560957,1.6898499,0.2280159,49.69896,39.0,8.0
2.4561014,1.6898556,0.22801018,49.697533,40.0,8.0
2.4561052,1.6898623,0.2280035,49.696312,41.0,8.0
2.4561071,1.689867,0.22799873,49.695286,42.0,8.0
2.4561062,1.6898718,0.22799397,49.694435,43.0,8.0
2.4561024,1.6898756,0.22799015,49.69374,44.0,8.0
2.4560976,1.6898775,0.22798824,49.693184,45.0,8.0
2.4560928,1.6898804,0.22798538,49.692757,46.0,8.0
2.4560843,1.6898823,0.22798347,49.69245,47.0,8.0
2.4560766,1.6898832,0.22798252,49.692238,48.0,8.0
2.4560661,1.6898842,0.22798157,49.69212,49.0,8.0
2.4560556,1.6898842,0.22798157,49.692085,50.0,8.0
2.4560442,1.6898842,0.22798157,49.692123,51.0,8.0
2.4560318,1.6898832,0.22798252,49.692223,52.0,8.0
2.4560184,1.6898832,0.22798252,49.692383,53.0,8.0
2.456005,1.6898813,0.22798443,49.692608,54.0,8.0
2.4559917,1.6898804,0.22798538,49.692867,55.0,8.0
2.4559774,1.6898794,0.22798634,49.693172,56.0,8.0
2.4559631,1.6898785,0.22798729,49.693497,57.0,8.0
2.4559488,1.6898766,0.2279892,49.693863,58.0,8.0
2.4559326,1.6898756,0.22799015,49.694256,59.0,8.0
2.4559193,1.6898737,0.22799206,49.694668,60.0,8.0
2.455904,1.6898708,0.22799492,49.695107,61.0,8.0
2.4558887,1.6898699,0.22799587,49.69555,62.0,8.0
2.4558735,1.689868,0.22799778,49.695995,63.0,8.0
2.4558592,1.6898661,0.22799969,49.69647,64.0,8.0
2.455844,1.6898623,0.2280035,49.696945,65.0,8.0
2.4558277,1.6898603,0.22800541,49.697422,66.0,8.0
2.4558144,1.6898575,0.22800827,49.697903,67.0,8.0
2.455799,1.6898565,0.22800922,49.69839,68.0,8.0
2.4557867,1.6898537,0.22801208,49.698868,69.0,8.0
2.4557724,1.6898527,0.22801304,49.699356,70.0,8.0
2.455758,1.6898508,0.22801495,49.699833,71.0,8.0
2.4557447,1.689848,0.2280178,49.70031,72.0,8.0
2.4557314,1.689846,0.22801971,49.700787,73.0,8.0
2.455719,1.6898441,0.22802162,49.70126,74.0,8.0
2.4557047,1.6898422,0.22802353,49.701714,75.0,8.0
2.4556942,1.6898384,0.22802734,49.70216,76.0,8.0
2.4556808,1.6898375,0.2280283,49.702618,77.0,8.0
2.4556684,1.6898355,0.2280302,49.703056,78.0,8.0
2.455657,1.6898336,0.22803211,49.70349,79.0,8.0
2.4556446,1.6898327,0.22803307,49.703915,80.0,8.0
2.455634,1.6898308,0.22803497,49.704323,81.0,8.0
2.4556236,1.6898289,0.22803688,49.704742,82.0,8.0
2.4556122,1.689825,0.2280407,49.705135,83.0,8.0
2.4556026,1.689825,0.2280407,49.70553,84.0,8.0
2.4555922,1.6898232,0.2280426,49.705906,85.0,8.0
2.4555826,1.6898203,0.22804546,49.70628,86.0,8.0
2.455573,1.6898193,0.22804642,49.70664,87.0,8.0
2.4555635,1.6898184,0.22804737,49.706997,88.0,8.0
2.455555,1.6898165,0.22804928,49.70734,89.0,8.0
2.4555454,1.6898146,0.22805119,49.70768,90.0,8.0
2.4555368,1.6898136,0.22805214,49.708004,91.0,8.0
2.4555283,1.6898127,0.2280531,49.708317,92.0,8.0
2.4555197,1.6898098,0.22805595,49.708633,93.0,8.0
2.455513,1.6898088,0.22805691,49.708935,94.0,8.0
2.4555044,1.6898079,0.22805786,49.709225,95.0,8.0
2.4554968,1.689806,0.22805977,49.709507,96.0,8.0
2.45549,1.689805,0.22806072,49.709785,97.0,8.0
2.4554825,1.6898041,0.22806168,49.71005,98.0,8.0
2.4554758,1.6898031,0.22806263,49.710316,99.0,8.0
2.4554691,1.6898031,0.22806263,49.710567,100.0,8.0
2.4554625,1.6898012,0.22806454,49.71081,101.0,8.0
2.4554558,1.6898003,0.22806549,49.71105,102.0,8.0
2.455449,1.6897984,0.2280674,49.711277,103.0,8.0
2.4554434,1.6897964,0.2280693,49.711502,104.0,8.0
2.4554386,1.6897955,0.22807026,49.711708,105.0,8.0
2.455433,1.6897955,0.22807026,49.71192,106.0,8.0
2.4554262,1.6897955,0.22807026,49.71212,107.0,8.0
2.4554214,1.6897936,0.22807217,49.71232,108.0,8.0
2.4554167,1.6897926,0.22807312,49.712517,109.0,8.0
2.45541,1.6897926,0.22807312,49.712692,110.0,8.0
2.4554062,1.6897907,0.22807503,49.712864,111.0,8.0
2.4554024,1.6897917,0.22807407,49.713047,112.0,8.0
2.4553976,1.6897898,0.22807598,49.713203,113.0,8.0
2.4553928,1.6897898,0.22807598,49.713364,114.0,8.0
2.455389,1.6897879,0.22807789,49.713524,115.0,8.0
2.4553843,1.6897879,0.22807789,49.713665,116.0,8.0
2.4553814,1.6897869,0.22807884,49.713806,117.0,8.0
2.4553766,1.689785,0.22808075,49.713947,118.0,8.0
2.4553728,1.689785,0.22808075,49.71407,119.0,8.0
2.45537,1.689785,0.22808075,49.714203,120.0,8.0
2.4553642,1.689785,0.22808075,49.71433,121.0,8.0
2.4553623,1.6897831,0.22808266,49.714447,122.0,8.0
2.4553585,1.689784,0.2280817,49.714565,123.0,8.0
2.4553556,1.6897831,0.22808266,49.714672,124.0,8.0
2.4553528,1.6897812,0.22808456,49.714767,125.0,8.0
2.45535,1.6897831,0.22808266,49.71487,126.0,8.0
2.455346,1.6897802,0.22808552,49.714977,127.0,8.0
2.4553442,1.6897821,0.22808361,49.71507,128.0,8.0
2.4553413,1.6897802,0.22808552,49.715153,129.0,8.0
2.4553385,1.6897802,0.22808552,49.71524,130.0,8.0
2.4553366,1.6897793,0.22808647,49.715324,131.0,8.0
2.4553337,1.6897793,0.22808647,49.715405,132.0,8.0
2.4553308,1.6897793,0.22808647,49.71548,133.0,8.0
2.455329,1.6897783,0.22808743,49.715553,134.0,8.0
2.455326,1.6897783,0.22808743,49.71562,135.0,8.0
2.4553242,1.6897774,0.22808838,49.715683,136.0,8.0
2.4553223,1.6897783,0.22808743,49.715744,137.0,8.0
2.4553204,1.6897783,0.22808743,49.715805,138.0,8.0
2.4553194,1.6897764,0.22808933,49.71586,139.0,8.0
2.4553165,1.6897774,0.22808838,49.715916,140.0,8.0
2.4553146,1.6897774,0.22808838,49.71597,141.0,8.0
2.4553127,1.6897774,0.22808838,49.716015,142.0,8.0
2.4553118,1.6897774,0.22808838,49.71606,143.0,8.0
2.4553108,1.6897764,0.22808933,49.7161,144.0,8.0
2.455308,1.6897774,0.22808838,49.716137,145.0,8.0
2.455307,1.6897764,0.22808933,49.716175,146.0,8.0
2.455306,1.6897764,0.22808933,49.716213,147.0,8.0
2.4553032,1.6897764,0.22808933,49.716244,148.0,8.0
2.4553032,1.6897755,0.22809029,49.716278,149.0,8.0
2.4553013,1.6897755,0.22809029,49.716305,150.0,8.0
2.4553013,1.6897755,0.22809029,49.71634,151.0,8.0
2.4552994,1.6897755,0.22809029,49.716366,152.0,8.0
2.4552984,1.6897745,0.22809124,49.716373,153.0,8.0
2.4552984,1.6897745,0.22809124,49.716404,154.0,8.0
2.4552965,1.6897755,0.22809029,49.71642,155.0,8.0
2.4552965,1.6897764,0.22808933,49.716434,156.0,8.0
2.4552937,1.6897745,0.22809124,49.716454,157.0,8.0
2.4552937,1.6897736,0.2280922,49.716473,158.0,8.0
2.4552927,1.6897745,0.22809124,49.716476,159.0,8.0
2.4552927,1.6897755,0.22809029,49.71649,160.0,8.0
2.4552908,1.6897764,0.22808933,49.7165,161.0,8.0
2.4552908,1.6897755,0.22809029,49.716507,162.0,8.0
2.4552898,1.6897755,0.22809029,49.71652,163.0,8.0
2.455288,1.6897755,0.22809029,49.71652,164.0,8.0
2.455288,1.6897755,0.22809029,49.716515,165.0,8.0
2.455288,1.6897755,0.22809029,49.716522,166.0,8.0
2.455287,1.6897755,0.22809029,49.716522,167.0,8.0
2.455288,1.6897736,0.2280922,49.716515,168.0,8.0
2.455287,1.6897745,0.22809124,49.71652,169.0,8.0
2.455287,1.6897745,0.22809124,49.716515,170.0,8.0
2.455286,1.6897755,0.22809029,49.71651,171.0,8.0
2.455286,1.6897755,0.22809029,49.716507,172.0,8.0
2.455286,1.6897745,0.22809124,49.71649,173.0,8.0
2.455284,1.6897755,0.22809029,49.716488,174.0,8.0
2.455284,1.6897755,0.22809029,49.716484,175.0,8.0
2.455285,1.6897745,0.22809124,49.716473,176.0,8.0
2.455284,1.6897764,0.22808933,49.71646,177.0,8.0
2.455284,1.6897755,0.22809029,49.716446,178.0,8.0
2.4552832,1.6897764,0.22808933,49.71643,179.0,8.0
2.4552832,1.6897755,0.22809029,49.716423,180.0,8.0
2.455284,1.6897745,0.22809124,49.7164,181.0,8.0
2.455284,1.6897755,0.22809029,49.716385,182.0,8.0
2.4552832,1.6897764,0.22808933,49.71637,183.0,8.0
2.455284,1.6897764,0.22808933,49.716347,184.0,8.0
2.4552832,1.6897774,0.22808838,49.716328,185.0,8.0
2.455284,1.6897764,0.22808933,49.716316,186.0,8.0
2.4552832,1.6897764,0.22808933,49.716293,187.0,8.0
2.4552832,1.6897755,0.22809029,49.716278,188.0,8.0
2.4552832,1.6897764,0.22808933,49.716255,189.0,8.0
2.455284,1.6897755,0.22809029,49.716232,190.0,8.0
2.4552832,1.6897764,0.22808933,49.716213,191.0,8.0
2.455284,1.6897774,0.22808838,49.716187,192.0,8.0
2.4552832,1.6897774,0.22808838,49.716164,193.0,8.0
2.455284,1.6897774,0.22808838,49.716137,194.0,8.0
2.455284,1.6897774,0.22808838,49.71611,195.0,8.0
2.455284,1.6897774,0.22808838,49.716087,196.0,8.0
2.455285,1.6897783,0.22808743,49.716053,197.0,8.0
2.4552832,1.6897783,0.22808743,49.716034,198.0,8.0
2.455284,1.6897774,0.22808838,49.716003,199.0,8.0
