complexity,accuracy,distortion,mse,round,run,min_distance_to_curve
0.6705713855812796,0.3167735988829214,4.794897729240528,1662.0257139859882,0.0,1.0,0.2500811154758965
0.2411171548879362,0.2026203001441775,4.909051027979272,1509.9535729399972,1.0,1.0,0.030856221894765362
0.2079399979517013,0.1910003061453782,4.920671021978071,1372.0381878190055,2.0,1.0,0.02104338214820654
0.2463595136879615,0.2360239711324645,4.875647356990985,1215.51267470404,3.0,1.0,0.020903542970683225
0.3604911948063645,0.3531260595394094,4.75854526858404,1016.1812959612926,4.0,1.0,0.021369908792699756
0.5500102849217416,0.5441926752020301,4.5674786529214195,780.8500518273949,5.0,1.0,0.020923760151370867
0.7711458932432667,0.7661640228854569,4.345507305237993,562.090424175801,6.0,1.0,0.008890114126629102
0.9711514231376022,0.9666057178392736,4.145065610284176,404.81385201488706,7.0,1.0,0.003232934263316027
1.132479634777967,1.1281305058201276,3.983540822303322,307.18170504766493,8.0,1.0,0.011786259253928727
1.26270443216956,1.2583967583717026,3.853274569751747,247.0111301414159,9.0,1.0,0.003946099767028676
1.3719904872783315,1.3676158219672772,3.744055506156173,207.25897031991047,10.0,1.0,0.0022196525061177353
1.4665644057763725,1.4620438351172955,3.649627493006154,178.85792413740512,11.0,1.0,0.007158035477074804
1.5497498372263827,1.5450254790125708,3.566645849110879,157.41902451011526,12.0,1.0,0.002158481430645883
1.6235000828476664,1.6185297649726935,3.493141563150756,140.66938620691846,13.0,1.0,0.0009385052691916317
1.689191687078102,1.6839452208855832,3.4277261072378664,127.27665190372106,14.0,1.0,0.0037535676993138206
1.747921096692309,1.7423775529062144,3.369293775217235,116.38233616573235,15.0,1.0,0.0033448888891191987
1.8006064367175565,1.7947521157069914,3.316919212416458,107.39774981846156,16.0,1.0,0.0011323683103348762
1.84802664397634,1.8418535475917712,3.269817780531678,99.9022139639667,17.0,1.0,0.003496110632178542
1.890843250101378,1.884347917629967,3.227323410493483,93.58633620489296,18.0,1.0,0.0013051348513765724
1.9296176289554603,1.9228002355389189,3.188871092584531,88.21763710964912,19.0,1.0,0.002038980146930411
1.964826453987788,1.9576900975761615,3.153981230547288,83.61841259101277,20.0,1.0,0.002416180611686521
1.9968755604314836,1.9894256850308452,3.1222456430926044,79.65084604132414,21.0,1.0,0.002579114930769623
2.026112016972215,2.018355936199363,3.0933153919240866,76.20668351618674,22.0,1.0,0.002612113387889855
2.052834332228345,2.0447808288409703,3.0668904992824793,73.19990971253962,23.0,1.0,0.0021582559258212447
2.0773008888251443,2.068959873938754,3.042711454184696,70.5614598855097,24.0,1.0,0.0015172451490262555
2.0997368047705542,2.091119025838248,3.0205523022852017,68.2353447856944,25.0,1.0,0.0005664387362588116
2.1203394645002636,2.1114562545902267,3.000215073533223,66.17577357950589,26.0,1.0,0.0012681035837467975
2.139282960800875,2.130146023860803,2.9815253042626466,64.34499189026329,27.0,1.0,0.00030974867812982523
2.1567216641999334,2.1473428922843016,2.964328435839148,62.71163885446339,28.0,1.0,0.0013455343092266879
2.1727931026685177,2.1631844218439813,2.9484869062794683,61.24948533032658,29.0,1.0,0.0008230327973314901
2.187620300050744,2.1777935421070023,2.9338777860164473,59.936455151128335,30.0,1.0,0.0012753369399343534
2.20131369067113,2.191280487992719,2.9203908401307306,58.75385881305895,31.0,1.0,0.0020807501561172404
2.213972701600083,2.203744402701071,2.9079269254223785,57.685788224924906,32.0,1.0,0.0007178519434565955
2.225687073178989,2.215274676513996,2.8963966516094537,56.71863474971783,33.0,1.0,0.0005199269847696429
2.236537972062191,2.225952075843381,2.8857192522800688,55.84070248591346,34.0,1.0,0.0008531996700364698
2.2465989384515552,2.235849704327592,2.875821623795858,55.04189574956341,35.0,1.0,0.00035055160025090714
2.255936699605151,2.245033828205679,2.86663749991777,54.31346483039006,36.0,1.0,0.0013355613225456617
2.2646118744229646,2.2535645909307505,2.858106737192699,53.64779785812882,37.0,1.0,0.00036491592575707793
2.2726795883980575,2.26149663648107,2.85017469164238,53.03824941167146,38.0,1.0,0.00025817683127083693
2.2801900140373768,2.2688796566454776,2.842791671477972,52.47899860043773,39.0,1.0,0.0004332906682424195
2.287188848672489,2.27575887437715,2.8359124537462996,51.96493093339038,40.0,1.0,0.00038870955419779046
2.293717739151772,2.2821754728699837,2.829495855253466,51.491539500468065,41.0,1.0,0.00035483116212325417
2.2998146610361356,2.288166978138438,2.823504349985011,51.054841920442115,42.0,1.0,0.0004050144707741839
2.3055142584823898,2.293767601428449,2.8179037266950004,50.65131022832081,43.0,1.0,0.0012854913203564446
2.310848149879499,2.299008546656694,2.8126627814667557,50.27781143568373,44.0,1.0,0.0003615706110319894
2.315845203428781,2.3039182871880968,2.807753040935353,49.93155693658383,45.0,1.0,0.0002632129309296438
2.3205317861733636,2.308522815562709,2.8031485125607407,49.61005927809314,46.0,1.0,0.0020181479505279962
2.324931989437946,2.312845869223598,2.798825458899852,49.31109508934277,47.0,1.0,0.0005792508906097192
2.3290678332043946,2.316909134853141,2.7947621932703086,49.032673182012374,48.0,1.0,0.0009977029269066632
2.332959451600077,2.3207324335629167,2.790938894560533,48.77300701082736,49.0,1.0,0.0006949612835610606
2.336625261390312,2.3243338888865797,2.78733743923687,48.53049082405112,50.0,1.0,0.0013595924913755036
2.3400821151322795,2.3277300792835565,2.783941248839893,48.30367894839787,51.0,1.0,0.0006891883510378281
2.3433454404542644,2.3309361766579144,2.780735151465535,48.09126774580764,52.0,1.0,0.0005099916926770433
2.3464293667601837,2.333966072226529,2.7777052558969206,47.89207985545922,53.0,1.0,0.000392106243218534
2.3493468405205267,2.3368324909263354,2.774838837197114,47.7050503966435,54.0,1.0,0.0005400190543373435
2.352109730193023,2.3395470954253845,2.772124232698065,47.52921485935602,55.0,1.0,0.000812055886968091
2.3547289217119687,2.3421205806957683,2.7695507474276813,47.36369845180291,56.0,1.0,0.0013697333998686375
2.3572144053954744,2.344562760011069,2.7671085681123806,47.20770670913013,57.0,1.0,0.0020098530524958135
2.35957535503999,2.3468826431491507,2.764788684974299,47.06051719691827,58.0,1.0,0.001325757287630723
2.361820199900812,2.3490885075070764,2.762582820616373,46.921472167406776,59.0,1.0,0.00031380984060900506
2.363956690193799,2.3511879627692256,2.760483365354224,46.7899720468834,60.0,1.0,0.0008794931273163258
2.3659919566964263,2.3531880097115643,2.7584833184118853,46.6654696498936,61.0,1.0,0.0020046690653516366
2.367932564975358,2.355095093671391,2.7565762344520586,46.547465030452585,62.0,1.0,0.0006549100501653822
2.3697845647207245,2.35691515316468,2.7547561749587697,46.43550089273999,63.0,1.0,0.0008597688109788797
2.3715535346251215,2.3586536640898963,2.7530176640335533,46.3291584941961,64.0,1.0,0.0016502948146991337
2.3732446232072544,2.360315679917491,2.7513556482059585,46.22805398282776,65.0,1.0,0.0001786174378931014
2.374862585944433,2.361905868229268,2.7497654598941814,46.13183511812069,66.0,1.0,0.0008713809875706842
2.376411819046769,2.363428543939234,2.7482427841842156,46.04017833145385,67.0,1.0,0.000353069436916538
2.3778963901763905,2.364887699497684,2.7467836286257654,45.95278608748949,68.0,1.0,0.0016350373390806646
2.379320066388509,2.366287032353874,2.7453842957695755,45.86938451281424,69.0,1.0,0.0004051296368674355
2.380686339546484,2.367629969927748,2.7440413581957017,45.789721262249735,70.0,1.0,0.0004369498390309078
2.3819984494412285,2.368919692319027,2.7427516358044226,45.71356359683482,71.0,1.0,0.0001651933633261032
2.383259404824411,2.3701591529614827,2.741512175161967,45.64069665058808,72.0,1.0,0.0018179028164020598
2.384472002546594,2.371351097411317,2.7403202307121326,45.57092186586001,73.0,1.0,0.000492541295301379
2.385638844974295,2.3724980804420337,2.739173247681416,45.50405557943465,74.0,1.0,0.001178084141291947
2.3867623558443114,2.3736024816022567,2.738068846521193,45.439927743592925,75.0,1.0,0.0012357712170429943
2.3878447946996957,2.374666519378861,2.7370048087445884,45.37838076814432,76.0,1.0,0.00032575388041175595
2.388888270038155,2.3756922640949156,2.735979064028534,45.31926847100557,77.0,1.0,0.0017601610651315433
2.389894751292413,2.3766816496599716,2.734989678463478,45.262455126285595,78.0,1.0,0.0007854046168090421
2.390866079750701,2.37763648427954,2.7340348438439097,45.20781460004932,79.0,1.0,0.0006056516652806872
2.3918039785159255,2.3785584602206544,2.733112867902795,45.1552295650023,80.0,1.0,0.0019095570480331867
2.392710061592678,2.379449162721558,2.732222165401891,45.104590786281726,81.0,1.0,0.0007691584826865907
2.3935858421833167,2.3803100781252766,2.731361249998173,45.05579647137262,82.0,1.0,0.000489080923854122
2.3944327402665575,2.381142601309307,2.7305287268141427,45.00875167790632,83.0,1.0,0.0003385027703780811
2.3952520895252185,2.381948042477088,2.7297232856463616,44.96336777375181,84.0,1.0,0.0011916685233626574
2.3960451436834784,2.3827276333704077,2.728943694753042,44.91956194439118,85.0,1.0,0.00014567540285290195
2.3968130823084497,2.383482532956645,2.7281887951668047,44.877256743085645,86.0,1.0,0.0010118323616349087
2.397557016125333,2.3842138326392828,2.727457495484167,44.83637967979788,87.0,1.0,0.0018553946890758864
2.3982779918911117,2.3849225610357134,2.726748767087736,44.79686284524435,88.0,1.0,0.0008489695770040696
2.398976996867276,2.3856096883621785,2.726061639761271,44.75864256681612,89.0,1.0,0.00018347236790757206
2.399654962928192,2.386276130461594,2.7253951976618556,44.72165909343153,90.0,1.0,0.001096755618342301
2.400312770338182,2.386922752506921,2.7247485756165286,44.68585630667463,91.0,1.0,0.0006220026501482563
2.4009512512273847,2.387550372409315,2.7241209557141346,44.65118145583332,92.0,1.0,0.00030599240469319876
2.4015711927933445,2.3881597639576793,2.7235115641657703,44.6175849146835,93.0,1.0,0.00022417835430155555
2.4021733402529133,2.388751659713513,2.7229196684099364,44.58501995807403,94.0,1.0,0.0006595093747307106
2.4027583995664603,2.3893267536827967,2.722344574440653,44.55344255655422,95.0,1.0,0.0014746004598047775
2.4033270399545152,2.3898857037844756,2.721785624338974,44.52281118745316,96.0,1.0,0.001602619092426955
2.4038798962248435,2.390429134133276,2.7212421939901734,44.49308666097117,97.0,1.0,0.0008305816479830376
2.4044175709263627,2.3909576371527663,2.7207136909706833,44.46423195997867,98.0,1.0,0.0001257294818747043
2.404940636344726,2.3914717755334696,2.72019955258998,44.43621209233998,99.0,1.0,0.0006715406834069167
2.4054496363528983,2.391972084048687,2.7196992440747625,44.408993954689215,100.0,1.0,0.00138104338385594
2.405945088128954,2.3924590712403973,2.7192122568830523,44.38254620668429,101.0,1.0,0.0017896739004826356
2.40642748375212,2.3929332209857055,2.718738107137744,44.35683915485384,102.0,1.0,0.001114870555625583
2.4068972916869367,2.3933949939536987,2.718276334169751,44.33184464523328,103.0,1.0,0.0004622015270504531
2.407354958164749,2.3938448289616208,2.717826499161829,44.30753596405765,104.0,1.0,0.00021325388830331694
2.4078009084706427,2.394283144238438,2.717388183885012,44.283887745845504,105.0,1.0,0.0008209069354037544
2.408235548143363,2.3947103386029713,2.7169609895204783,44.26087588826701,106.0,1.0,0.0014278791091621092
2.408659264095043,2.3951267925635484,2.716544535559901,44.23847747324327,107.0,1.0,0.001809996336069072
2.409072425656938,2.3955328693449207,2.716138458778529,44.216670693772585,108.0,1.0,0.0012317335565244798
2.4094753855567212,2.3959289158482484,2.715742412275201,44.19543478602324,109.0,1.0,0.0006694993930397426
2.409868480832694,2.396315263549031,2.7153560645744186,44.17474996627273,110.0,1.0,0.00014375698511017454
2.4102520336894546,2.3966922293377166,2.714979098785733,44.15459737230925,111.0,1.0,0.0004348709365849572
2.410626352299385,2.397060116307145,2.7146112118163046,44.134959008944385,112.0,1.0,0.0009545735563396891
2.4109917315539757,2.3974192144907125,2.714252113632737,44.11581769731594,113.0,1.0,0.001465397720143524
2.4113484537684293,2.3977698015547393,2.7139015265687103,44.097157027686634,114.0,1.0,0.0018548971114662656
2.4116967893430648,2.398112143448424,2.7135591846750255,44.07896131546967,115.0,1.0,0.0013671514359116458
2.412036997384389,2.398446495014216,2.7132248331092335,44.06121556023428,116.0,1.0,0.0008914811267089917
2.4123693262887613,2.398773100561421,2.712898227562029,44.04390540746496,117.0,1.0,0.00042969310926707405
2.412694014291094,2.3990921944055774,2.712579133717872,44.027017112866865,118.0,1.0,8.903869704417878e-05
2.4130112899811316,2.399404001375842,2.7122673267476074,44.010537509026726,119.0,1.0,0.0004854413658037084
2.4133213727893033,2.399708737292677,2.7119625908307725,43.99445397425421,120.0,1.0,0.0004159251027313843
2.4136244734443135,2.4000066094176375,2.711664718705812,43.97875440344306,121.0,1.0,8.170766588556669e-05
2.413920794404209,2.40029781687722,2.7113735112462294,43.96342718080375,122.0,1.0,0.00043959646922241683
2.414210530262851,2.400582551062417,2.711088777061033,43.94846115433183,123.0,1.0,0.0008422941647533632
2.4144938681330608,2.4008609960055054,2.710810332117944,43.93384561188658,124.0,1.0,0.001238330042081042
2.4147709880082946,2.401133328735632,2.710537999387818,43.919570258764494,125.0,1.0,0.0009420443516242121
2.415042063103894,2.401399719614375,2.710271608509075,43.9056251966614,126.0,1.0,0.0005640001007805507
2.4153072601793824,2.4016603326526944,2.710010995470755,43.89200090392498,127.0,1.0,0.00020162851346768864
2.4155667398429372,2.4019153258103447,2.709756002313105,43.87868821700738,128.0,1.0,0.0001918677054745093
2.41582065683912,2.4021648512788154,2.709506476844634,43.86567831303441,129.0,1.0,0.0005378710218631699
2.4160691603209035,2.4024090557488567,2.709262272374593,43.85296269341394,130.0,1.0,0.0008842160281368895
2.4163123941069387,2.402648080663548,2.7090232474599016,43.84053316841273,131.0,1.0,0.0012243513774674358
2.4165504969249554,2.402882062457671,2.7087892656657786,43.82838184263532,132.0,1.0,0.0015576863387184695
2.4167836026421874,2.4031111327843284,2.708560195339121,43.81650110134434,133.0,1.0,0.0018841937392550892
2.4170118404834646,2.4033354187294886,2.708335909393961,43.80488359756584,134.0,1.0,0.0015820550451389665
2.4172353352378373,2.4035550430151993,2.7081162851082503,43.793522239927206,135.0,1.0,0.001269066827768628
2.417454207454316,2.403770124192135,2.707901203931314,43.782410181179614,136.0,1.0,0.0009627772273624401
2.417668573627367,2.403980776822106,2.7076905513013436,43.771540807359905,137.0,1.0,0.000663307877602032
2.4178785463728527,2.4041871116510656,2.707484216472384,43.76090772755047,138.0,1.0,0.00037166411281882737
2.418084234594822,2.4043892357732535,2.707282092350196,43.75050476419846,139.0,1.0,0.00010250145147076375
2.4182857436438105,2.4045872527868557,2.707084075336594,43.74032594395874,140.0,1.0,0.00021624257513178026
2.418483175467033,2.4047812629418424,2.7068900651816072,43.73036548902694,141.0,1.0,0.00048693170188657264
2.418676628751003,2.404971363280179,2.7066999648432706,43.72061780893217,142.0,1.0,0.0007564693687403309
2.418866199056957,2.4051576477691547,2.706513680354295,43.71107749276029,143.0,1.0,0.0010214630591690978
2.419051978949488,2.405340207427887,2.7063311206955625,43.701739301781274,144.0,1.0,0.0012772917434190165
2.419234058118853,2.4055191304476597,2.70615219767579,43.69259816245569,145.0,1.0,0.0010223977789515146
2.4194125234971793,2.405694502306245,2.705976825817205,43.683649159797184,146.0,1.0,0.0007728081230109319
2.4195874593689606,2.40586640587666,2.7058049222467897,43.67488753106943,147.0,1.0,0.0005287242499163303
2.41975894747622,2.40603492153061,2.7056364065928395,43.666308659797465,148.0,1.0,0.0002913775497571899
2.4199270671185538,2.406200127236902,2.7054712008865476,43.65790807007463,149.0,1.0,7.939228269125491e-05
2.420091895248339,2.406362098655185,2.705309229468265,43.64968142114783,150.0,1.0,0.00019265683304109735
2.420253506561414,2.40652090922511,2.7051504188983397,43.641624502264506,151.0,1.0,0.00041355615327263887
2.4204119735834517,2.4066766302513685,2.704994697872081,43.633733227766456,152.0,1.0,0.0006340634654824901
2.420567366752252,2.4068293309846425,2.704841997138807,43.62600363241605,153.0,1.0,0.00045183123016941226
2.4207197544961794,2.406979078698795,2.704692249424655,43.61843186694165,154.0,1.0,0.00024172591404474406
2.4208692033089623,2.4071259387644535,2.704545389358996,43.611014193789906,155.0,1.0,6.473375678436565e-05
2.421015777821017,2.407269974719238,2.7044013534042115,43.603746983073115,156.0,1.0,0.0001904771723925096
2.421159540867519,2.4074112483346983,2.7042600797887513,43.59662670870103,157.0,1.0,0.0003870447524689103
2.4213005535533796,2.4075498196802823,2.7041215084431673,43.58964994468665,158.0,1.0,0.0005831719648500876
2.4214388753152587,2.4076857471843507,2.703985580939099,43.582813361616864,159.0,1.0,0.0007763340205003052
2.421574563980819,2.4078190876924896,2.70385224043096,43.576113723278645,160.0,1.0,0.000966118741426258
2.421707675825342,2.4079498965232258,2.703721431600224,43.5695478834326,161.0,1.0,0.0011524454466665082
2.421838265625821,2.4080782275212194,2.7035931006022302,43.563112782726094,162.0,1.0,0.0013353238027992605
2.421966386712711,2.4082041331082813,2.7034671950151683,43.55680544573848,163.0,1.0,0.0015147954419143855
2.4220920910193957,2.408327664331958,2.7033436637914914,43.5506229781515,164.0,1.0,0.0016909149390215473
2.4222154291295492,2.4084488709121885,2.703222457211261,43.5445625640385,165.0,1.0,0.00186374235163829
2.4223364503224367,2.4085678012858676,2.703103526837582,43.53862146326626,166.0,1.0,0.0017395504906664795
2.422455202616339,2.4086845026495656,2.702986825473884,43.532797009003694,167.0,1.0,0.001573136198627738
2.422571732810079,2.4087990210004495,2.702872307123,43.52708660533216,168.0,1.0,0.0014098543746225982
2.422686086522866,2.4089114011754393,2.7027599269480103,43.52148772495208,169.0,1.0,0.0012496472031195377
2.422798308232464,2.4090216868887744,2.702649641234675,43.51599790698144,170.0,1.0,0.0010924617392077559
2.4229084413118045,2.4091299207680805,2.702541407355369,43.5106147548412,171.0,1.0,0.0009382523613186568
2.4230165280640907,2.409236144388867,2.7024351837345826,43.50533593422389,172.0,1.0,0.0007869859405225258
2.42312260975649,2.409340398307714,2.7023309298157354,43.50015917114102,173.0,1.0,0.0006386539080903192
2.4232267266524854,2.4094427220940986,2.702228606029351,43.49508225004572,174.0,1.0,0.0004933048160526191
2.4233289180429143,2.409543154360934,2.7021281737625156,43.49010301202696,175.0,1.0,0.00035115336811904565
2.423429222275786,2.409641732793943,2.702029595329506,43.48521935307214,176.0,1.0,0.00021310395208323644
2.423527676784986,2.4097384941798623,2.7019328339435873,43.480429222394726,177.0,1.0,8.616282541690526e-05
2.423624318117806,2.4098334744335492,2.7018378536899004,43.47573062082402,178.0,1.0,8.485373674759878e-05
2.423719181961431,2.4099267086240506,2.701744619499399,43.47112159925421,179.0,1.0,0.00020662833988905596
2.423812303168429,2.410018230999711,2.7016530971237387,43.466600257150056,180.0,1.0,0.00033459408056365483
2.423903715781302,2.4101080750122463,2.7015632531112033,43.46216474110672,181.0,1.0,0.00046163193844510597
2.4239934530560507,2.4101962733400377,2.701475054783412,43.457813243461096,182.0,1.0,0.0005868223317188791
2.4240815474849153,2.410282857910442,2.701388470213008,43.45354400095288,183.0,1.0,0.000709939425745811
2.4241680308183025,2.4103678599213865,2.701303468202063,43.44935529343258,184.0,1.0,0.0008309222455257985
2.4242529340858354,2.410451309862088,2.7012200182613615,43.44524544261502,185.0,1.0,0.0009497648152211667
2.424336287616713,2.410533237533075,2.7011380905903746,43.441212810876,186.0,1.0,0.0010664833859971028
2.4244181210593148,2.4106136720654714,2.701057656057978,43.43725580009056,187.0,1.0,0.0011811042880919785
2.4244984634000843,2.410692641939617,2.7009786861838325,43.433372850510885,188.0,1.0,0.0012936587163293585
2.4245773429818165,2.4107701750029875,2.700901153120462,43.42956243968233,189.0,1.0,0.001404180242106965
2.4246547875212254,2.4108462984875523,2.7008250296358973,43.42582308139597,190.0,1.0,0.001512703528513197
2.4247308241259535,2.410921039026471,2.7007502890969786,43.422153324676216,191.0,1.0,0.0016192636256303662
2.42480547931099,2.4109944226702655,2.700676905453184,43.41855175280196,192.0,1.0,0.001723895566082794
2.4248787790145325,2.4110664749023947,2.700604853221055,43.41501698236006,193.0,1.0,0.001826634125054481
2.424950748613284,2.4111372206543464,2.700534107469103,43.4115476623298,194.0,1.0,0.001822656348352679
2.4250214129372836,2.4112066843202022,2.7004646438032474,43.408142473197096,195.0,1.0,0.0017235976980587153
2.4250907962842145,2.411274889770713,2.700396438352737,43.40480012609723,196.0,1.0,0.0016263376375370599
2.42515892243326,2.411341860366946,2.7003294677565037,43.40151936198524,197.0,1.0,0.001530843307467112
2.425225814658493,2.411407618973435,2.700263709150015,43.39829895083259,198.0,1.0,0.0014370826613851828
2.425291495741833,2.41147218797095,2.700199140152499,43.39513769084934,199.0,1.0,0.00134502447791145
2.4253559879856166,2.411535589268839,2.700135738854611,43.39203440773074,200.0,1.0,0.0012546383848328505
2.4254193132247153,2.411597844316974,2.7000734838064755,43.388987953927426,201.0,1.0,0.0011658949002413567
2.4254814928383084,2.411658974117332,2.700012354006118,43.38599720793823,202.0,1.0,0.0010787654987640372
2.42554254776131,2.4117189992351875,2.699952328888262,43.38306107362484,203.0,1.0,0.0009932227159177333
2.425602498495376,2.411777939809987,2.6998933883134626,43.38017847954752,204.0,1.0,0.0009092403121624086
2.4256613651196197,2.411835815565908,2.6998355125575415,43.37734837832109,205.0,1.0,0.0008267935335032011
2.4257191673009952,2.411892645821988,2.699778682301462,43.374569745990335,206.0,1.0,0.000745859534608149
2.4257759243043377,2.411948449502095,2.6997228786213547,43.3718415814245,207.0,1.0,0.0006664180871850518
2.4258316550021615,2.412003245144504,2.6996680829789454,43.36916290572967,208.0,1.0,0.0005884528160749152
2.4258863778840887,2.4120570509111854,2.699614277212264,43.36653276167885,209.0,1.0,0.000511953473030308
2.4259401110660583,2.4121098845968785,2.699561443526571,43.36395021315895,210.0,1.0,0.0004369204101785329
2.4259928722992345,2.4121617636378367,2.699509564485613,43.36141434463401,211.0,1.0,0.0003633741799531964
2.426044678978654,2.4122127051203286,2.699458623003121,43.35892426062423,212.0,1.0,0.00029137864878106974
2.42609554815167,2.412262725788942,2.6994086023345076,43.35647908520026,213.0,1.0,0.0002211062582326889
2.4261454965260647,2.4123118420545904,2.6993594860688592,43.35407796149213,214.0,1.0,0.00015307124841195763
2.4261945404780114,2.4123600700023076,2.699311258121142,43.3517200512124,215.0,1.0,8.935295659556949e-05
2.4262426960597914,2.4124074253988415,2.699263902724608,43.34940453419303,216.0,1.0,4.4986155629243866e-05
2.426289979007242,2.412453923699992,2.699217404423458,43.34713060793557,217.0,1.0,7.104988731901228e-05
2.4263364047470652,2.4124995800578155,2.699171748065634,43.34489748717408,218.0,1.0,0.00012874587088180416
2.4263819884039073,2.412544409327534,2.6991269187959155,43.342704403450526,219.0,1.0,0.00019011685392369756
2.4264267448072196,2.4125884260743256,2.699082902049124,43.34055060470215,220.0,1.0,0.00025161948804717957
2.426470688497968,2.412631644579898,2.6990396835435515,43.33843535486043,221.0,1.0,0.00031249835454586004
2.426513833735127,2.412674078848898,2.6989972492745515,43.33635793346129,222.0,1.0,0.0003725137530130359
2.426556194502046,2.4127157426151324,2.698955585508317,43.33431763526613,223.0,1.0,0.00043157462126951966
2.4265977845125644,2.4127566493476316,2.698914678775818,43.33231376989353,224.0,1.0,0.0004896452252816392
2.4266386172170584,2.412796812256546,2.698874515866903,43.33034566146081,225.0,1.0,0.0005467140772193506
2.4266787058082553,2.41283624429888,2.6988350838245694,43.32841264823586,226.0,1.0,0.0006027815633613012
2.426718063226904,2.412874958184102,2.698796369939348,43.32651408229819,227.0,1.0,0.0006578543544686859
2.4267567021673564,2.4129129663795617,2.698758361743888,43.32464932920941,228.0,1.0,0.0007119426292172344
2.4267946350829135,2.4129502811158083,2.6987210470076413,43.32281776769257,229.0,1.0,0.0007650585896036808
2.4268318741910857,2.4129869143917357,2.698684413731714,43.32101878932031,230.0,1.0,0.000817215619330413
2.426868431478743,2.413022877979639,2.6986484501438106,43.31925179821127,231.0,1.0,0.0008684277836022205
2.426904318707056,2.413058183430083,2.6986131446933666,43.31751621073476,232.0,1.0,0.0009187095200218204
2.4269395474163815,2.413092842076704,2.6985784860467454,43.315811455223304,233.0,1.0,0.0009680754415813749
2.4269741289309774,2.4131268650408426,2.698544463082607,43.3141369716929,234.0,1.0,0.001016540207743046
2.427008074363627,2.4131602632360956,2.698511064887354,43.31249221157059,235.0,1.0,0.001064118438436457
2.4270413946201455,2.413193047372721,2.698478280750729,43.31087663742943,236.0,1.0,0.001110824655762192
2.4270741004037486,2.413225227961977,2.698446100161473,43.309289722730256,237.0,1.0,0.0011566732441043784
2.4271062022193455,2.413256815320292,2.698414512803158,43.30773095157036,238.0,1.0,0.0012016784226931384
2.4271377103776945,2.4132878195733873,2.6983835085500623,43.30619981843876,239.0,1.0,0.001245854226798194
2.427168634999502,2.4133182506602786,2.698353077463171,43.30469582797777,240.0,1.0,0.0012892144949899539
2.427198986019345,2.4133481183371543,2.6983232097862953,43.303218494750816,241.0,1.0,0.0013317728606449134
2.427228773189581,2.4133774321812336,2.698293895942216,43.30176734301636,242.0,1.0,0.0013735427466713738
2.4272580060841236,2.413406201594393,2.6982651265290567,43.300341906507455,243.0,1.0,0.0014145373623858557
2.4272866941021167,2.4134344358068702,2.6982368923165794,43.298941728217216,244.0,1.0,0.0014547697021663033
2.427314846471532,2.413462143880782,2.6982091842426676,43.2975663601896,245.0,1.0,0.0014942525452835713
2.4273424722527093,2.4134893347135424,2.698181993409907,43.29621536331571,246.0,1.0,0.0015329984566712675
2.4273695803417397,2.4135160170412746,2.698155311082175,43.294888307135125,247.0,1.0,0.0015710197883796195
2.427396179473863,2.4135421994420803,2.6981291286813693,43.29358476964241,248.0,1.0,0.0016083286815756802
2.427422278226693,2.4135678903392694,2.69810343778418,43.29230433709846,249.0,1.0,0.0016449370688840534
2.4274478850234527,2.413593098004469,2.6980782301189805,43.29104660384661,250.0,1.0,0.0016808566770478396
2.427473008136049,2.413617830560698,2.6980534975627517,43.28981117213346,251.0,1.0,0.0017160990297627162
2.4274976556881516,2.4136420959853897,2.69802923213806,43.28859765193403,252.0,1.0,0.0017506754507303317
2.427521835658151,2.4136659021132605,2.698005426010189,43.28740566078147,253.0,1.0,0.0017845970667256018
2.427545555882068,2.413689256639218,2.6979820714842315,43.286234823600864,254.0,1.0,0.001817874810820363
2.4275688240563955,2.4137121671211137,2.697959161002336,43.2850847725473,255.0,1.0,0.0018505194255900056
2.4275916477408614,2.4137346409824936,2.697936687140956,43.283955146847866,256.0,1.0,0.0018344681688753466
2.427614034361161,2.4137566855152244,2.697914642608225,43.28284559264754,257.0,1.0,0.0018030547751911189
2.4276359912115844,2.413778307882154,2.6978930202412954,43.28175576285896,258.0,1.0,0.0017722438788389736
2.42765752545761,2.4137995151196083,2.6978718130038413,43.28068531701586,259.0,1.0,0.0017420254373113658
2.427678644138446,2.413820314139892,2.6978510139835574,43.27963392112995,260.0,1.0,0.0017123895850487312
2.427699354169498,2.4138407117337355,2.697830616389714,43.27860124755157,261.0,1.0,0.0016833266299639779
2.4277196623447814,2.4138607145726443,2.6978106135508053,43.277586974833454,262.0,1.0,0.0016548270500702392
2.4277395753392916,2.4138803292112243,2.6977909989122253,43.27659078759803,263.0,1.0,0.0016268814901612154
2.4277590997113254,2.413899562089478,2.6977717660339717,43.27561237640774,264.0,1.0,0.0015994807585415671
2.427778241904724,2.413918419535012,2.6977529085884377,43.274651437638646,265.0,1.0,0.0015726158238778976
2.4277970082510905,2.4139369077652013,2.6977344203582483,43.27370767335697,266.0,1.0,0.0015462778120976315
2.4278154049719607,2.41395503288933,2.6977162952341196,43.272780791198656,267.0,1.0,0.0015204580033391295
2.42783343818091,2.4139728009106403,2.6976985272128093,43.27187050425182,268.0,1.0,0.0014951478290088278
2.4278511138856196,2.413990217728408,2.6976811103950418,43.27097653094194,269.0,1.0,0.0014703388688502633
2.427868437989911,2.414007289139896,2.697664038983554,43.27009859491983,270.0,1.0,0.0014460228481219663
2.42788541629571,2.4140240208423087,2.697647307281141,43.26923642495228,271.0,1.0,0.0014221916348239622
2.4279020545050063,2.414040418434702,2.6976309096887476,43.268389754815274,272.0,1.0,0.0013988372369592148
2.4279183582217225,2.4140564874198525,2.697614840703597,43.267558323189675,273.0,1.0,0.0013759517998858952
2.4279343329535923,2.4140722332060296,2.69759909491742,43.26674187355945,274.0,1.0,0.001353527603736155
2.4279499841139636,2.4140876611088604,2.697583667014589,43.265940154112194,275.0,1.0,0.001331557060817676
2.4279653170235687,2.4141027763530047,2.697568551770445,43.26515291764208,276.0,1.0,0.0013100327131758613
2.4279803369122863,2.414117584073905,2.6975537440495447,43.26437992145501,277.0,1.0,0.001288947230107738
2.4279950489208133,2.414132089319427,2.6975392388040227,43.26362092727594,278.0,1.0,0.0012682934058167623
2.4280094581023572,2.414146297051518,2.697525031071931,43.26287570115845,279.0,1.0,0.0012480641570413794
2.428023569424246,2.414160212147811,2.6975111159756384,43.26214401339634,280.0,1.0,0.0012282525207799621
2.4280373877695425,2.4141738394031673,2.6974974887202823,43.26142563843726,281.0,1.0,0.0012088516520556121
2.4280509179385916,2.414187183531249,2.6974841445922006,43.260720354798394,282.0,1.0,0.0011898548217074245
2.428064164650557,2.414200249165974,2.6974710789574754,43.26002794498399,283.0,1.0,0.0011712554142736934
2.428077132544928,2.4142130408630447,2.697458287260405,43.259348195404826,284.0,1.0,0.0011530469258436964
2.428089826182971,2.414225563101345,2.6974457650221044,43.25868089629957,285.0,1.0,0.0011352229620387204
2.4281022500491822,2.41423782028437,2.697433507839079,43.2580258416578,286.0,1.0,0.0011177772359752649
2.4281144085526893,2.4142498167416075,2.697421511381842,43.257382829144845,287.0,1.0,0.001100703566293593
2.4281263060286182,2.4142615567298886,2.697409771393561,43.25675166002837,288.0,1.0,0.001083995875234158
2.4281379467394686,2.414273044434733,2.6973982836887167,43.256132139106555,289.0,1.0,0.001067648186713145
2.428149334876414,2.414284283971597,2.697387044151853,43.25552407463787,290.0,1.0,0.0010516546245191254
2.4281604745606007,2.414295279387204,2.6973760487362455,43.25492727827253,291.0,1.0,0.0010360094104520763
2.428171369844433,2.414306034660779,2.6973652934626706,43.25434156498536,292.0,1.0,0.0010207068625418315
2.428182024712804,2.41431655370522,2.69735477441823,43.2537667530103,293.0,1.0,0.0010057413933484902
2.428192443084308,2.4143268403683784,2.697344487755071,43.253202663776165,294.0,1.0,0.0009911075081970035
2.4282026288124516,2.4143368984341578,2.697334429689292,43.25264912184409,295.0,1.0,0.00097679980354811
2.428212585686813,2.414346731623704,2.6973245964997457,43.25210595484616,296.0,1.0,0.0009628129653332583
2.4282223174341837,2.4143563435965145,2.697314984526935,43.25157299342547,297.0,1.0,0.0009491417673649832
2.4282318277197064,2.414365737951549,2.6973055901719007,43.25105007117749,298.0,1.0,0.0009357810697475552
2.428241120147973,2.41437491822831,2.6972964098951397,43.25053702459275,299.0,1.0,0.0009227258173367118
2.4282501982640863,2.4143838879078956,2.697287440215554,43.25003369300077,300.0,1.0,0.0009099710382473066
2.428259065554738,2.414392650414051,2.6972786777093987,43.2495399185152,301.0,1.0,0.000897511842347569
2.428267725449235,2.4144012091141764,2.697270119009273,43.249055545980106,302.0,1.0,0.0008853434198231739
2.428276181320518,2.414409567320332,2.6972617608031175,43.24858042291757,303.0,1.0,0.0008734610397495271
2.4282844364861713,2.414417728290209,2.6972535998332408,43.24811439947629,304.0,1.0,0.0008618600486938002
2.428292494209371,2.414425695228094,2.697245632895356,43.24765732838137,305.0,1.0,0.0008505358693639656
2.42830035769987,2.414433471285813,2.6972378568376367,43.24720906488508,306.0,1.0,0.0008394839992506136
2.4283080301149216,2.414441059563643,2.697230268559806,43.246769466718874,307.0,1.0,0.000828700009331403
2.4283155145602073,2.414448463111233,2.6972228650122165,43.246338394046255,308.0,1.0,0.0008181795427694489
2.4283228140907394,2.4144556849284715,2.697215643194978,43.24591570941673,309.0,1.0,0.0008079183136658817
2.428329931711737,2.414462727966363,2.6972086001570865,43.24550127772071,310.0,1.0,0.0007979121058251758
2.4283368703795034,2.414469595127894,2.6972017329955555,43.245094966145494,311.0,1.0,0.0007881567715283998
2.428343633002285,2.4144762892688423,2.6971950388546073,43.244696644131935,312.0,1.0,0.000778648230360444
2.428350222441084,2.4144828131986262,2.6971885149248234,43.244306183332306,313.0,1.0,0.0007693824680397895
2.428356641510499,2.414489169681083,2.6971821584423665,43.24392345756886,314.0,1.0,0.0007603555352805135
2.428362892979516,2.4144953614352858,2.697175966688164,43.243548342793375,315.0,1.0,0.0007515635466634616
2.428368979572302,2.4145013911362767,2.697169936987173,43.243180717047466,316.0,1.0,0.000743002679563642
2.4283749039689706,2.4145072614158796,2.69716406670757,43.242820460423815,317.0,1.0,0.0007346691730405367
2.428380668806355,2.414512974863394,2.697158353260056,43.242467455028105,318.0,1.0,0.0007265593268117615
2.4283862766787347,2.414518534026353,2.6971527940970965,43.24212158494186,319.0,1.0,0.0007186695002084371
2.42839173013858,2.4145239414112343,2.6971473867122153,43.241782736186,320.0,1.0,0.0007109961111581595
2.4283970316972567,2.4145291994841713,2.6971421286392783,43.241450796685115,321.0,1.0,0.0007035356351885375
2.428402183825737,2.4145343106716197,2.69713701745183,43.2411256562326,322.0,1.0,0.0006962846044668082
2.4284071889552834,2.414539277361065,2.6971320507623844,43.24080720645634,323.0,1.0,0.0006892396068216244
2.4284120494781263,2.414544101901658,2.6971272262217916,43.24049534078525,324.0,1.0,0.0006823972848266567
2.4284167677481285,2.414548786604886,2.6971225415185636,43.240189954416465,325.0,1.0,0.0006757543348635386
2.4284213460814357,2.4145533337452108,2.697117994378239,43.23989094428311,326.0,1.0,0.0006693075062222306
2.428425786757119,2.4145577455606837,2.697113582562766,43.23959820902285,327.0,1.0,0.0006630536002206389
2.428430092017802,2.414562024253581,2.697109303869869,43.23931164894702,328.0,1.0,0.0006569894693217463
2.4284342640702707,2.414566171990977,2.697105156132473,43.2390311660104,329.0,1.0,0.0006511120163078098
2.4284383050860843,2.41457019090538,2.6971011372180698,43.238756663781565,330.0,1.0,0.0006454181934066305
2.428442217202164,2.414574083095287,2.6970972450281625,43.2384880474139,331.0,1.0,0.0006399050014938459
2.4284460025213797,2.414577850625749,2.6970934774977007,43.23822522361717,332.0,1.0,0.0006345694892881066
2.4284496631131116,2.41458149552896,2.6970898325944894,43.237968100629594,333.0,1.0,0.000629408752544858
2.4284532010138307,2.414585019804795,2.6970863083186547,43.23771658819061,334.0,1.0,0.0006244199332769659
2.4284566182276333,2.4145884254213144,2.6970829027021352,43.2374705975141,335.0,1.0,0.0006196002190269028
2.4284599167267853,2.414591714315378,2.6970796138080715,43.23723004126211,336.0,1.0,0.0006149468420561148
2.4284630984522533,2.414594888393085,2.697076439730365,43.23699483351923,337.0,1.0,0.0006104570786680437
2.42846616531423,2.414597949530334,2.6970733785931156,43.23676488976734,338.0,1.0,0.0006061282484460554
2.4284691191926413,2.414600899573289,2.6970704285501608,43.236540126860966,339.0,1.0,0.0006019577135751801
2.4284719619376514,2.4146037403389258,2.697067587784524,43.236320463003025,340.0,1.0,0.0005979428781018395
2.4284746953701575,2.414606473615452,2.697064854507998,43.23610581772109,341.0,1.0,0.0005940811872971343
2.4284773212822746,2.4146091011628403,2.6970622269606093,43.235896111844205,342.0,1.0,0.000590370126940453
2.428479841437804,2.4146116247132614,2.697059703410188,43.23569126748002,343.0,1.0,0.0005868072226867167
2.428482257572705,2.414614045971552,2.6970572821518974,43.2354912079924,344.0,1.0,0.0005833900394082808
2.42848457139557,2.414616366615668,2.6970549615077815,43.23529585797955,345.0,1.0,0.0005801161805421792
2.428486784588044,2.4146185882971256,2.697052739826324,43.23510514325254,346.0,1.0,0.0005769832874836189
2.4284888988052966,2.4146207126414385,2.697050615482011,43.23491899081413,347.0,1.0,0.0005739890389465484
2.428490915676438,2.414622741248536,2.6970485868749137,43.23473732883818,348.0,1.0,0.000571131150377556
2.428492836804958,2.414624675693201,2.6970466524302488,43.23456008664933,349.0,1.0,0.0005684073733342355
2.42849466376914,2.4146265175254538,2.697044810597996,43.234387194703146,350.0,1.0,0.000565815494925166
2.428496398122467,2.41462826827099,2.6970430598524597,43.23421858456659,351.0,1.0,0.0005633533372101625
2.4284980413940485,2.414629929431552,2.6970413986918977,43.23405418889892,352.0,1.0,0.0005610187566382182
2.4284995950889865,2.4146315024853315,2.697039825638118,43.233893941432854,353.0,1.0,0.000558809643500583
2.428501060688806,2.41463298888735,2.6970383392360997,43.23373777695628,354.0,1.0,0.000556723921358357
2.428502439651794,2.4146343900698444,2.6970369380536052,43.2335856312941,355.0,1.0,0.0005547595465236979
2.4285037334134145,2.414635707442621,2.697035620680829,43.23343744129053,356.0,1.0,0.0005529145075180112
2.4285049433866615,2.414636942393434,2.6970343857300154,43.23329314479177,357.0,1.0,0.0005511868245477565
2.4285060709624258,2.414638096288339,2.6970332318351105,43.233152680628905,358.0,1.0,0.0005495745489925961
2.4285071175098576,2.414639170472036,2.697032157651414,43.233015988601174,359.0,1.0,0.0005480757629020071
2.428508084376716,2.414640166268235,2.6970311618552145,43.23288300945958,360.0,1.0,0.0005466885784830108
2.428508972889704,2.4146410849799747,2.697030243143475,43.232753684890746,361.0,1.0,0.0005454111376356799
2.428509784354823,2.414641927889967,2.6970294002334825,43.23262795750114,362.0,1.0,0.0005442416114487103
2.42851052005771,2.41464269626092,2.69702863186253,43.23250577080152,363.0,1.0,0.000543178199730849
2.4285111812639464,2.414643391335862,2.697027936787588,43.2323870691917,364.0,1.0,0.0005422191305538769
2.428511769219402,2.414644014338469,2.6970273137849805,43.232271797945685,365.0,1.0,0.0005413626597705324
2.428512285150532,2.4146445664733545,2.697026761650095,43.232159903196894,366.0,1.0,0.0005406070705945012
2.428512730264707,2.4146450489263955,2.697026279197054,43.23205133192381,367.0,1.0,0.0005399506731276135
2.428513105750506,2.4146454628650176,2.697025865258432,43.23194603193588,368.0,1.0,0.0005393918039435155
2.428513412778022,2.414645809438497,2.6970255186849528,43.23184395185952,369.0,1.0,0.0005389288256500458
2.4285136524991717,2.4146460897782713,2.6970252383451783,43.23174504112464,370.0,1.0,0.000538560126442908
2.428513826047956,2.4146463049981755,2.697025023125274,43.231649249951154,371.0,1.0,0.0005382841197465527
2.4285139345407742,2.414646456194774,2.697024871928676,43.23155652933591,372.0,1.0,0.0005380992437479068
2.428513979076694,2.414646544447619,2.6970247836758308,43.23146683103977,373.0,1.0,0.0005380039610152933
2.4285139607377335,2.4146465708195013,2.6970247573039483,43.231380107574935,374.0,1.0,0.0005379967581142609
2.428513880589115,2.4146465363567504,2.697024791766699,43.231296312192555,375.0,1.0,0.0005380761452057213
2.428513739679562,2.4146464420894773,2.6970248860339723,43.23121539887049,376.0,1.0,0.0005382406556578929
2.4285135390415356,2.414646289031843,2.6970250390916064,43.231137322301315,377.0,1.0,0.0005384888456799193
2.428513279691511,2.414646078182294,2.697025249941156,43.23106203788055,378.0,1.0,0.0005388192939531381
2.4285129626302204,2.4146458105238384,2.697025517599611,43.230989501695106,379.0,1.0,0.0005392306012540968
2.4285125888429153,2.4146454870242664,2.697025841099183,43.2309196705119,380.0,1.0,0.000539721390108836
2.4285121592995953,2.4146451086364156,2.697026219487034,43.23085250176675,381.0,1.0,0.0005402903044325214
2.4285116749552618,2.414644676298373,2.6970266518250767,43.23078795355332,382.0,1.0,0.0005409360092025239
2.4285111367501564,2.414644190933764,2.6970271371896857,43.23072598461245,383.0,1.0,0.0005416571900761479
2.4285105456099885,2.414643653451927,2.6970276746715225,43.23066655432153,384.0,1.0,0.0005424525531015168
2.42850990244617,2.414643064748166,2.697028263375284,43.23060962268411,385.0,1.0,0.0005433208243657928
2.4285092081560364,2.4146424257039616,2.697028902419488,43.230555150319695,386.0,1.0,0.0005442607496815468
2.4285084636230803,2.4146417371872104,2.697029590936239,43.230503098453696,387.0,1.0,0.0005452710942494479
2.4285076697171633,2.4146410000524146,2.697030328071035,43.23045342890764,388.0,1.0,0.0005463506423660365
2.4285068272947257,2.41464021514091,2.6970311129825397,43.23040610408939,389.0,1.0,0.0005474981971094015
2.4285059371990023,2.4146393832810684,2.697031944842381,43.230361086983685,390.0,1.0,0.0005487125800381648
2.4285050002602375,2.4146385052884973,2.6970328228349523,43.23031834114279,391.0,1.0,0.0005499926308942782
2.428504017295886,2.4146375819662538,2.697033746157196,43.23027783067728,392.0,1.0,0.0005513372073038752
2.4285029891108163,2.4146366141050404,2.697034714018409,43.23023952024702,393.0,1.0,0.0005527451844904737
2.428501916497499,2.4146356024833615,2.697035725640088,43.23020337505229,394.0,1.0,0.0005542154550293141
2.4285008002362094,2.4146345478677915,2.697036780255658,43.230169360825045,395.0,1.0,0.0005557469285073502
2.428499641095229,2.414633451013092,2.6970378771103576,43.23013744382037,396.0,1.0,0.0005573385312974639
2.4284984398310225,2.414632312662441,2.6970390154610087,43.230107590808,397.0,1.0,0.0005589892062658671
2.4284971971884204,2.414631133547587,2.6970401945758624,43.23007976906409,398.0,1.0,0.0005606979125324978
2.4284959139008215,2.4146299143890495,2.6970414137344,43.23005394636299,399.0,1.0,0.000562463625183318
2.4284945906903523,2.4146286558962853,2.6970426722271643,43.23003009096935,400.0,1.0,0.0005642853350363325
2.428493228268046,2.4146273587678735,2.697043969355576,43.23000817163013,401.0,1.0,0.0005661620483830077
2.4284918273340317,2.414626023691655,2.6970453044317946,43.22998815756694,402.0,1.0,0.0005680927867541875
2.4284903885777,2.4146246513449494,2.6970466767785,43.2299700184684,403.0,1.0,0.0005700765866478954
2.4284889126778566,2.4146232423946845,2.697048085728765,43.22995372448262,404.0,1.0,0.0005721124993263852
2.428487400302904,2.4146217974975706,2.697049530625879,43.22993924620992,405.0,1.0,0.0005741995905650579
2.42848585211102,2.4146203173002565,2.697051010823193,43.229926554695545,406.0,1.0,0.0005763369404146787
2.4284842687502746,2.414618802439513,2.6970525256839366,43.22991562142256,407.0,1.0,0.0005785236429862008
2.4284826508588395,2.4146172535423336,2.697054074581116,43.22990641830483,408.0,1.0,0.0005807588062335406
2.4284809990650924,2.414615671226141,2.6970556568973088,43.2298989176802,409.0,1.0,0.0005830415517313893
2.4284793139878165,2.414614056098923,2.6970572720245265,43.229893092303655,410.0,1.0,0.0005853710144381736
2.428477596236327,2.4146124087593552,2.6970589193640944,43.22988891534072,411.0,1.0,0.0005877463425213962
2.428475846410624,2.414610729796994,2.6970605983264555,43.2298863603609,412.0,1.0,0.0005901666971101919
2.4284740651015344,2.414609019792371,2.6970623083310787,43.22988540133124,413.0,1.0,0.000592631252131083
2.4284722528908773,2.414607279317174,2.6970640488062756,43.22988601260997,414.0,1.0,0.0005951391940615497
2.428470410351574,2.414605508934361,2.6970658191890884,43.22988816894034,415.0,1.0,0.0005976897217733147
2.4284685380478024,2.4146037091983015,2.697067618925148,43.22989184544441,416.0,1.0,0.000600282046323444
2.4284666365351466,2.414601880654919,2.6970694474685306,43.22989701761712,417.0,1.0,0.0006029153907478547
2.4284647063607157,2.4146000238418246,2.697071304281625,43.22990366132028,418.0,1.0,0.0006055889898845403
2.4284627480632732,2.414598139288433,2.697073188835017,43.22991175277677,419.0,1.0,0.00060830209020011
2.428460762173392,2.4145962275161086,2.697075100607341,43.22992126856482,420.0,1.0,0.0006110539495789512
2.4284587492135614,2.414594289038277,2.6970770390851726,43.22993218561237,421.0,1.0,0.0006138438371679938
2.4284567096983114,2.414592324360573,2.6970790037628767,43.22994448119146,422.0,1.0,0.0006166710331867272
2.428454644134358,2.414590333980927,2.6970809941425227,43.229958132912856,423.0,1.0,0.0006195348287638269
2.428452553020712,2.41458831838972,2.6970830097337295,43.2299731187206,424.0,1.0,0.0006224345257523177
2.4284504368488005,2.41458627806988,2.6970850500535697,43.22998941688678,425.0,1.0,0.0006253694365760604
2.428448296102589,2.414584213497008,2.6970871146264415,43.2300070060063,426.0,1.0,0.0006283388840555251
2.4284461312587045,2.414582125139503,2.697089202983946,43.23002586499179,427.0,1.0,0.0006313422012351244
2.428443942786533,2.414580013458652,2.6970913146647977,43.23004597306852,428.0,1.0,0.0006343787312495839
2.4284417311483537,2.414577878908758,2.697093449214691,43.23006730976951,429.0,1.0,0.000637447827141729
2.4284394967994345,2.4145757219372506,2.697095606186199,43.23008985493061,430.0,1.0,0.0006405488517180428
2.4284372401881615,2.414573542984783,2.6970977851386664,43.23011358868574,431.0,1.0,0.0006436811773884311
2.4284349617561265,2.4145713424853508,2.697099985638099,43.23013849146213,432.0,1.0,0.0006468441860239515
2.428432661938242,2.414569120866391,2.6971022072570587,43.230164543975725,433.0,1.0,0.0006500372688043215
2.428430341162855,2.4145668785488787,2.697104449574571,43.23019172722661,434.0,1.0,0.0006532598260724796
2.4284279998518308,2.414564615947441,2.6971067121760086,43.230220022494464,435.0,1.0,0.000656511267195743
2.4284256384206753,2.4145623334704513,2.6971089946529982,43.23024941133422,436.0,1.0,0.0006597910104133434
2.42842325727862,2.4145600315201214,2.697111296603328,43.230279875571625,437.0,1.0,0.0006630984827132728
2.428420856828737,2.4145577104926126,2.697113617630837,43.23031139729905,438.0,1.0,0.000666433119674152
2.4284184374680144,2.414555370778112,2.6971159573453374,43.2303439588712,439.0,1.0,0.0006697943653573039
2.428415999587468,2.414553012760953,2.6971183153624967,43.23037754290102,440.0,1.0,0.0006731816721470458
2.4284135435722316,2.414550636819664,2.6971206913037857,43.23041213225561,441.0,1.0,0.0006765945006512127
2.428411069801644,2.4145482433271255,2.697123084796324,43.23044771005219,442.0,1.0,0.0006800323195300098
2.42840857864935,2.41454583265058,2.6971254954728696,43.23048425965415,443.0,1.0,0.0006834946054214942
2.42840607048338,2.4145434051517896,2.69712792297166,43.23052176466719,444.0,1.0,0.0006869808427714482
2.428403545666244,2.4145409611870754,2.697130366936374,43.230560208935515,445.0,1.0,0.0006904905237428956
2.428401004555017,2.4145385011074367,2.697132827016013,43.23059957653803,446.0,1.0,0.0006940231480720707
2.4283984475014293,2.414536025258604,2.6971353028648455,43.23063985178466,447.0,1.0,0.0006975782229674911
2.4283958748519456,2.4145335339811496,2.6971377941423,43.23068101921269,448.0,1.0,0.0007011552629784458
2.4283932869478324,2.414531027610545,2.6971403005129044,43.23072306358322,449.0,1.0,0.0007047537899059224
2.428390684125274,2.414528506477259,2.6971428216461906,43.23076596987765,450.0,1.0,0.0007083733326546921
2.428388066715417,2.414525970906819,2.6971453572166304,43.23080972329416,451.0,1.0,0.0007120134271573036
2.428385435044488,2.4145234212199096,2.69714790690354,43.230854309244314,452.0,1.0,0.0007156736162248972
2.4283827894338152,2.414520857732432,2.6971504703910174,43.23089971334976,453.0,1.0,0.0007193534494870509
2.428380130199976,2.4145182807555816,2.697153047367868,43.23094592143889,454.0,1.0,0.0007230524832386073
2.4283774576547987,2.4145156905959233,2.6971556375275263,43.23099291954352,455.0,1.0,0.0007267702803812063
2.4283747721054993,2.4145130875554734,2.697158240567976,43.23104069389588,456.0,1.0,0.0007305064102734667
2.4283720738547068,2.414510471931754,2.6971608561916955,43.23108923092529,457.0,1.0,0.0007342604486734877
2.4283693632005683,2.414507844017873,2.6971634841055767,43.23113851725519,458.0,1.0,0.0007380319776096511
2.4283666404367956,2.4145052041025945,2.697166124020855,43.2311885397,459.0,1.0,0.0007418205852980496
2.428363905852746,2.414502552470397,2.6971687756530525,43.231239285262234,460.0,1.0,0.0007456258660461807
2.4283611597334964,2.4144998894015544,2.6971714387218952,43.231290741129506,461.0,1.0,0.0007494474201439911
2.4283584023598888,2.4144972151721955,2.697174112951254,43.23134289467162,462.0,1.0,0.0007532848537883931
2.428355634008618,2.414494530054352,2.6971767980690977,43.23139573343778,463.0,1.0,0.000757137778991266
2.42835285495228,2.414491834316044,2.697179493807406,43.231449245153755,464.0,1.0,0.0007610058134826951
2.4283500654594548,2.4144891282213514,2.697182199902098,43.231503417719125,465.0,1.0,0.0007648885806052007
2.428347265794742,2.414486412030435,2.697184916093015,43.23155823920462,466.0,1.0,0.0007687857092722537
2.4283444562188468,2.41448368599964,2.6971876421238097,43.23161369784939,467.0,1.0,0.0007726968338351925
2.428341636988634,2.4144809503815257,2.697190377741924,43.23166978205848,468.0,1.0,0.0007766215940268505
2.428338808357177,2.4144782054249294,2.69719312269852,43.2317264804002,469.0,1.0,0.000780559634879924
2.4283359705738228,2.4144754513750506,2.697195876748399,43.23178378160356,470.0,1.0,0.0007845106066226478
2.4283331238842596,2.4144726884734595,2.69719863964999,43.23184167455589,471.0,1.0,0.0007884741646267796
2.4283302685305515,2.414469916958195,2.6972014111652545,43.23190014830032,472.0,1.0,0.0007924499693127626
2.428327404751217,2.414467137063804,2.6972041910596456,43.2319591920334,473.0,1.0,0.000796437686068108
2.4283245327812697,2.414464349021386,2.697206979102063,43.23201879510274,474.0,1.0,0.0008004369851865726
2.4283216528522704,2.414461553058647,2.6972097750648025,43.232078947004666,475.0,1.0,0.0008044475417954753
2.4283187651923903,2.41445874939998,2.6972125787234695,43.23213963738198,476.0,1.0,0.0008084690357522147
2.428315870026454,2.4144559382664763,2.6972153898569733,43.232200856021706,477.0,1.0,0.0008125011516082659
2.428312967576,2.4144531198759953,2.6972182082474543,43.23226259285285,478.0,1.0,0.0008165435785167965
2.4283100580593153,2.414450294443215,2.6972210336802345,43.23232483794427,479.0,1.0,0.0008205960101722166
2.428307141691496,2.414447462179682,2.6972238659437675,43.23238758150253,480.0,1.0,0.0008246581447341303
2.428304218684497,2.4144446232938392,2.6972267048296104,43.23245081386986,481.0,1.0,0.0008287296847716029
2.428301289247173,2.4144417779910974,2.697229550132352,43.23251452552198,482.0,1.0,0.0008328103371838676
2.428298353585328,2.414438926473867,2.6972324016495826,43.232578707066224,483.0,1.0,0.0008368998131444406
2.428295411901761,2.4144360689416065,2.697235259181843,43.23264334923946,484.0,1.0,0.0008409978280336326
2.428292464396309,2.4144332055908713,2.6972381225325783,43.232708442906144,485.0,1.0,0.000845104101374667
2.4282895112659055,2.414430336615345,2.697240991508105,43.23277397905646,486.0,1.0,0.0008492183567704452
2.4282865527045967,2.4144274622058965,2.697243865917553,43.23283994880438,487.0,1.0,0.0008533403218515908
2.428283588903593,2.414424582550609,2.6972467455728406,43.23290634338586,488.0,1.0,0.0008574697282206677
2.428280620051341,2.4144216978348325,2.697249630288617,43.23297315415696,489.0,1.0,0.0008616063113635435
2.428277646333523,2.414418808241223,2.697252519882227,43.23304037259215,490.0,1.0,0.000865749810622645
2.428274667933118,2.4144159139497603,2.6972554141736893,43.233107990282456,491.0,1.0,0.0008698999691416665
2.4282716850304507,2.414413015137823,2.6972583129856265,43.23317599893382,492.0,1.0,0.0008740565337784579
2.428268697803208,2.4144101119802013,2.6972612161432483,43.233244390365336,493.0,1.0,0.0008782192550833072
2.428265706426478,2.4144072046491605,2.697264123474289,43.23331315650766,494.0,1.0,0.0008823878872277613
2.4282627110728185,2.4144042933144174,2.697267034809032,43.23338228940133,495.0,1.0,0.0008865621879727716
2.4282597119122595,2.4144013781432623,2.6972699499801873,43.23345178119517,496.0,1.0,0.0008907419185812046
2.4282567091123664,2.414398459300532,2.6972728688229175,43.23352162414471,497.0,1.0,0.0008949268437918519
2.428253702838246,2.4143955369486676,2.697275791174782,43.23359181061066,498.0,1.0,0.0008991167317748358
2.4282506932526093,2.414392611247745,2.6972787168757044,43.23366233305738,499.0,1.0,0.0009033113540656821
2.4282476805157884,2.414389682355509,2.6972816457679407,43.233733184051374,500.0,1.0,0.0009075104855300883
2.4282446647857814,2.4143867504274095,2.69728457769604,43.23380435625984,501.0,1.0,0.0009117139043051258
2.4282416462182788,2.414383815616631,2.6972875125068185,43.23387584244924,502.0,1.0,0.0009159213917617018
2.4282386249667027,2.4143808780741214,2.697290450049328,43.23394763548384,503.0,1.0,0.0009201327324558427
2.42823560118223,2.4143779379486325,2.697293390174817,43.23401972832439,504.0,1.0,0.0009243477140833411
2.4282325750138263,2.4143749953867424,2.697296332736707,43.234092114026694,505.0,1.0,0.0009285661274411286
2.428229546608282,2.4143720505328936,2.697299277590556,43.234164785740326,506.0,1.0,0.0009327877663733565
2.428226516110243,2.4143691035294115,2.697302224594038,43.23423773670729,507.0,1.0,0.0009370124277390008
2.4282234836622276,2.4143661545165536,2.697305173606896,43.234310960260714,508.0,1.0,0.0009412399113625481
2.428220449404673,2.4143632036325045,2.697308124490945,43.23438444982361,509.0,1.0,0.0009454700200071706
2.4282174134759487,2.414360251013443,2.6973110771100064,43.234458198907575,510.0,1.0,0.0009497025593162846
2.4282143760124075,2.4143572967935487,2.697314031329901,43.23453220111168,511.0,1.0,0.0009539373377740984
2.428211337148376,2.4143543411050263,2.6973169870184233,43.23460645012115,512.0,1.0,0.0009581741666938625
2.4282082970162246,2.41435138407814,2.6973199440453097,43.23468093970624,513.0,1.0,0.000962412860145645
2.428205255746363,2.4143484258412435,2.697322902282206,43.23475566372105,514.0,1.0,0.0009666532349370449
2.4282022134672783,2.4143454665207997,2.69732586160265,43.23483061610245,515.0,1.0,0.0009708951105733624
2.4281991703055574,2.4143425062414003,2.6973288218820493,43.23490579086885,516.0,1.0,0.0009751383092275158
2.4281961263859273,2.414339545125804,2.6973317829976455,43.23498118211922,517.0,1.0,0.0009793826556848838
2.428193081831246,2.414336583294954,2.697334744828495,43.235056784031954,518.0,1.0,0.000983627977336723
2.428190036762569,2.4143336208680033,2.6973377072554463,43.23513259086377,519.0,1.0,0.0009878741041167106
2.4281869912991354,2.4143306579623314,2.6973406701611182,43.23520859694875,520.0,1.0,0.0009921208684968187
2.4281839455584304,2.4143276946935828,2.697343633429867,43.23528479669729,521.0,1.0,0.000996368105418586
2.4281808996561676,2.4143247311756735,2.697346596947776,43.235361184595064,522.0,1.0,0.001000615652299132
2.428177853706341,2.414321767520832,2.6973495606026177,43.235437755202064,523.0,1.0,0.0010048633489660296
2.4281748078212395,2.414318803839599,2.6973525242838505,43.23551450315163,524.0,1.0,0.0010091110376474661
2.428171762111459,2.414315840240864,2.697355487882586,43.23559142314945,525.0,1.0,0.0010133585629377524
2.4281687166859367,2.414312876831877,2.6973584512915725,43.23566850997276,526.0,1.0,0.0010176057717652838
2.4281656716519784,2.4143099137182986,2.697361414405151,43.23574575846923,527.0,1.0,0.0010218525133364005
2.4281626271152525,2.414306951004175,2.697364377119275,43.2358231635562,528.0,1.0,0.0010260986391588758
2.4281595831798413,2.4143039887919926,2.697367339331457,43.23590072021975,529.0,1.0,0.001030344002966218
2.428156539948247,2.4143010271826704,2.6973703009407792,43.235978423513814,530.0,1.0,0.0010345884607197626
2.4281534975214036,2.4142980662756184,2.697373261847831,43.23605626855934,531.0,1.0,0.0010388318705575417
2.4281504559987095,2.4142951061687175,2.697376221954732,43.23613425054341,532.0,1.0,0.0010430740927867912
2.42814741547805,2.4142921469583687,2.697379181165081,43.236212364718455,533.0,1.0,0.0010473149898324562
2.4281443760558012,2.414289188739488,2.6973821393839614,43.236290606401425,534.0,1.0,0.0010515544262379452
2.428141337826858,2.414286231605537,2.6973850965179125,43.236368970972954,535.0,1.0,0.0010557922686252159
2.4281383008846564,2.4142832756485486,2.697388052474901,43.23644745387662,536.0,1.0,0.0010600283856589583
2.428135265321183,2.4142803209591186,2.697391007164331,43.23652605061809,537.0,1.0,0.001064262648046496
2.428132231226991,2.414277367626452,2.6973939604969974,43.236604756764464,538.0,1.0,0.0010684949284937924
2.428129198691238,2.414274415738374,2.6973969123850754,43.23668356794344,539.0,1.0,0.0010727251016718524
2.4281261678016755,2.414271465381324,2.6973998627421256,43.23676247984259,540.0,1.0,0.0010769530442267259
2.4281231386446827,2.414268516640405,2.6974028114830446,43.23684148820865,541.0,1.0,0.0010811786347215363
2.428120111305283,2.414265569599383,2.6974057585240665,43.23692058884678,542.0,1.0,0.001085401753625398
2.4281170858671572,2.4142626243406973,2.6974087037827523,43.236999777619886,543.0,1.0,0.0010896222832971016
2.428114062412657,2.4142596809454897,2.69741164717796,43.2370790504479,544.0,1.0,0.0010938401079535383
2.428111041022822,2.4142567394936236,2.697414588629826,43.23715840330711,545.0,1.0,0.0010980551136458142
2.4281080217773994,2.414253800063671,2.6974175280597787,43.237237832229475,546.0,1.0,0.0011022671882533338
2.4281050047548707,2.414250862732972,2.6974204653904774,43.237317333301974,547.0,1.0,0.001106476221423121
2.428101990032427,2.414247927577609,2.6974234005458406,43.237396902665935,548.0,1.0,0.001110682104606605
2.428098977686041,2.4142449946724387,2.697426333451011,43.23747653651642,549.0,1.0,0.0011148847309843239
2.4280959677904352,2.414242064091116,2.6974292640323334,43.23755623110156,550.0,1.0,0.0011190839954722664
2.428092960419118,2.4142391359060973,2.6974321922173523,43.23763598272194,551.0,1.0,0.0011232797946951927
2.428089955644392,2.4142362101886548,2.697435117934795,43.23771578773,552.0,1.0,0.0011274720269680368
2.4280869535373757,2.414233287008887,2.6974380411145624,43.23779564252942,553.0,1.0,0.0011316605922756023
2.428083954168006,2.414230366435744,2.6974409616877058,43.23787554357449,554.0,1.0,0.0011358453922522358
2.4280809576050597,2.414227448537032,2.6974438795864177,43.237955487369575,555.0,1.0,0.0011400263301618676
2.4280779639161754,2.414224533379441,2.6974467947440086,43.23803547046849,556.0,1.0,0.0011442033108653095
2.4280749731678455,2.414221621028533,2.6974497070949166,43.23811548947393,557.0,1.0,0.0011483762408328367
2.4280719854254507,2.414218711548779,2.6974526165746706,43.23819554103695,558.0,1.0,0.0011525450280939022
2.4280690007532577,2.414215805003556,2.697455523119894,43.23827562185635,559.0,1.0,0.0011567095822409097
2.42806601921445,2.414212901455171,2.6974584266682786,43.238355728678144,560.0,1.0,0.0011608698143903162
2.4280630408711144,2.414210000964868,2.6974613271585817,43.238435858295034,561.0,1.0,0.001165025637187471
2.428060065784285,2.414207103592842,2.6974642245306075,43.23851600754586,562.0,1.0,0.0011691769647654132
2.4280570940139334,2.4142042093982496,2.6974671187252,43.23859617331505,563.0,1.0,0.0011733237127446844
2.428054125618999,2.4142013184392237,2.697470009684226,43.23867635253217,564.0,1.0,0.0011774657982007951
2.4280511606573576,2.4141984307728865,2.697472897350563,43.238756542171295,565.0,1.0,0.0011816031396776068
2.428048199185902,2.4141955464553586,2.697475781668091,43.2388367392506,566.0,1.0,0.0011857356571239504
2.428045241260506,2.414192665541769,2.6974786625816805,43.238916940831835,567.0,1.0,0.001189863271911997
2.4280422869360443,2.414189788086274,2.6974815400371757,43.238997144019784,568.0,1.0,0.001193985906809647
2.4280393362664174,2.414186914142064,2.6974844139813854,43.23907734596182,569.0,1.0,0.0011981034859580378
2.428036389304543,2.414184043761363,2.6974872843620865,43.239157543847405,570.0,1.0,0.001202215934879032
2.4280334461023916,2.414181176995479,2.6974901511279707,43.239237734907626,571.0,1.0,0.0012063231804122407
2.428030506710977,2.4141783138947623,2.6974930142286873,43.2393179164147,572.0,1.0,0.0012104251507529776
2.428027571180378,2.4141754545086513,2.6974958736147983,43.2393980856815,573.0,1.0,0.0012145217754043227
2.428024639559748,2.4141725988856813,2.6974987292377683,43.23947824006116,574.0,1.0,0.0012186129851632752
2.428021711897326,2.4141697470734815,2.697501581049968,43.239558376946526,575.0,1.0,0.001222698712115841
2.42801878824044,2.4141668991187917,2.697504429004658,43.239638493769746,576.0,1.0,0.0012267788896230902
2.4280158686355335,2.414164055067479,2.6975072730559706,43.23971858800187,577.0,1.0,0.0012308534522885795
2.428012953128169,2.4141612149645386,2.697510113158911,43.239798657152335,578.0,1.0,0.0012349223359583335
2.42801004176302,2.414158378854113,2.6975129492693366,43.23987869876857,579.0,1.0,0.0012389854777105694
2.4280071345839165,2.4141555467794937,2.697515781343956,43.23995871043556,580.0,1.0,0.0012430428158233902
2.42800423163383,2.4141527187831393,2.6975186093403103,43.24003868977539,581.0,1.0,0.0012470942897719818
2.428001332954885,2.414149894906678,2.697521433216771,43.2401186344469,582.0,1.0,0.0012511398402189297
2.427998438588382,2.414147075190927,2.6975242529325225,43.240198542145166,583.0,1.0,0.0012551794089850422
2.427995548574801,2.4141442596758864,2.697527068447563,43.24027841060119,584.0,1.0,0.001259212939050026
2.427992662953807,2.414141448400777,2.6975298797226728,43.24035823758139,585.0,1.0,0.0012632403745214582
2.4279897817642553,2.414138641404012,2.6975326867194376,43.24043802088728,586.0,1.0,0.0012672616606529072
2.4279869050442286,2.414135838723233,2.6975354894002166,43.24051775835505,587.0,1.0,0.001271276743790901
2.427984032831004,2.4141330403953223,2.6975382877281273,43.24059744785511,588.0,1.0,0.0012752855713895838
2.427981165161116,2.4141302464563896,2.69754108166706,43.24067708729179,589.0,1.0,0.0012792880919761593
2.4279783020702954,2.414127456941806,2.6975438711816437,43.24075667460291,590.0,1.0,0.0012832842551689632
2.427975443593562,2.414124671886192,2.6975466562372574,43.24083620775938,591.0,1.0,0.0012872740116217326
2.4279725897651545,2.414121891323438,2.6975494368000117,43.24091568476483,592.0,1.0,0.001291257313058083
2.427969740618595,2.41411911528672,2.6975522128367295,43.24099510365527,593.0,1.0,0.0012952341122140546
2.427966896186682,2.4141163438084874,2.697554984314962,43.24107446249869,594.0,1.0,0.0012992043628532492
2.427964056501475,2.414113576920496,2.697557751202954,43.24115375939465,595.0,1.0,0.0013031680197522837
2.427961221594348,2.41411081465379,2.697560513469659,43.241232992474,596.0,1.0,0.0013071250386781066
2.4279583914959595,2.4141080570387494,2.6975632710847,43.24131215989846,597.0,1.0,0.0013110753763738727
2.4279555662362835,2.414105304105048,2.6975660240184016,43.24139125986031,598.0,1.0,0.001315018990567031
2.4279527458446104,2.414102555881705,2.6975687722417447,43.241470290581944,599.0,1.0,0.0013189558399328127
2.427949930349552,2.414099812397076,2.6975715157263735,43.24154925031563,600.0,1.0,0.0013228858840962034
2.427947119779061,2.4140970736788514,2.697574254444598,43.24162813734313,601.0,1.0,0.001326809083620476
2.427944314160431,2.414094339754085,2.6975769883693648,43.24170694997528,602.0,1.0,0.0013307253999856013
2.4279415135202935,2.4140916106491925,2.697579717474257,43.24178568655175,603.0,1.0,0.0013346347955919895
2.427938717884659,2.41408888638996,2.6975824417334895,43.24186434544069,604.0,1.0,0.0013385372337258795
2.4279359272788934,2.4140861670015425,2.697585161121907,43.24194292503832,605.0,1.0,0.0013424326785764131
2.4279331417277454,2.414083452508491,2.6975878756149587,43.24202142376869,606.0,1.0,0.0013463210951973213
2.427930361255328,2.4140807429347504,2.697590585188699,43.242099840083334,607.0,1.0,0.0013502024495212353
2.4279275858851648,2.4140780383036553,2.6975932898197943,43.242178172460854,608.0,1.0,0.0013540767083302175
2.427924815640175,2.4140753386379643,2.6975959894854853,43.242256419406765,609.0,1.0,0.0013579438392424977
2.427922050542678,2.414072643959843,2.697598684163607,43.242334579453015,610.0,1.0,0.001361803810720173
2.4279192906144083,2.4140699542908894,2.69760137383256,43.242412651157785,611.0,1.0,0.0013656565920414632
2.427916535876527,2.4140672696521204,2.6976040584713292,43.24249063310509,612.0,1.0,0.0013695021533021606
2.4279137863496203,2.4140645900640028,2.697606738059447,43.24256852390454,613.0,1.0,0.001373340465394008
2.427911042053717,2.4140619155464513,2.6976094125769983,43.24264632219101,614.0,1.0,0.0013771714999947853
2.427908303008282,2.414059246118823,2.6976120820046265,43.2427240266243,615.0,1.0,0.0013809952295758304
2.4279055692322355,2.4140565817999473,2.6976147463235023,43.2428016358889,616.0,1.0,0.001384811627368032
2.427902840743956,2.4140539226081135,2.697617405515336,43.242879148693646,617.0,1.0,0.0013886206673682027
2.4279001175612933,2.414051268561092,2.6976200595623574,43.24295656377143,618.0,1.0,0.0013924223243138992
2.4278973997015587,2.414048619676132,2.6976227084473177,43.24303387987891,619.0,1.0,0.001396216573694656
2.4278946871815545,2.414045975969975,2.6976253521534748,43.24311109579625,620.0,1.0,0.0014000033917181652
2.427891980017561,2.414043337458848,2.6976279906646017,43.2431882103268,621.0,1.0,0.0014037827553265573
2.4278892782253614,2.414040704158495,2.6976306239649546,43.24326522229679,622.0,1.0,0.0014075546421561515
2.427886581820241,2.414038076084159,2.6976332520392905,43.243342130555135,623.0,1.0,0.0014113190305501168
2.427883890816968,2.414035453250603,2.697635874872846,43.243418933973054,624.0,1.0,0.001415075899557262
2.427881205229861,2.414032835672108,2.6976384924513415,43.24349563144388,625.0,1.0,0.0014188252288869177
2.4278785250727353,2.4140302233624897,2.69764110476096,43.24357222188273,626.0,1.0,0.0014225669989330085
2.427875850358941,2.414027616335101,2.6976437117883485,43.24364870422625,627.0,1.0,0.0014263011907472208
2.4278731811013525,2.414025014602826,2.6976463135206235,43.243725077432345,628.0,1.0,0.0014300277860493581
2.42787051731241,2.4140224181781047,2.697648909945345,43.24380134047995,629.0,1.0,0.0014337467671818815
2.4278678590040776,2.414019827072927,2.6976515010505224,43.24387749236868,630.0,1.0,0.001437458117142337
2.4278652061878763,2.414017241298854,2.6976540868245955,43.24395353211871,631.0,1.0,0.0014411618195457531
2.4278625588748906,2.414014660866995,2.697656667256455,43.24402945877034,632.0,1.0,0.001444857858636095
2.427859917075768,2.414012085788052,2.6976592423353978,43.244105271383894,633.0,1.0,0.0014485462192545845
2.427857280800726,2.414009516072289,2.6976618120511606,43.24418096903938,634.0,1.0,0.0014522268868575106
2.42785465005956,2.4140069517295686,2.697664376393881,43.24425655083627,635.0,1.0,0.001455899847484636
2.427852024861659,2.4140043927693267,2.697666935354123,43.244332015893264,636.0,1.0,0.0014595650877644644
2.427849405215986,2.4140018392006155,2.697669488922834,43.244407363348,637.0,1.0,0.0014632225948997156
2.4278467911311115,2.413999291032079,2.6976720370913707,43.244482592356846,638.0,1.0,0.0014668723566591995
2.427844182615196,2.413996748271968,2.6976745798514816,43.24455770209465,639.0,1.0,0.001470514361380734
2.427841579676013,2.413994210928142,2.697677117195308,43.24463269175453,640.0,1.0,0.0014741485979540005
2.42783898232096,2.4139916790080935,2.697679649115356,43.24470756054758,641.0,1.0,0.0014777750557928248
2.427836390557024,2.4139891525189263,2.6976821756045233,43.244782307702685,642.0,1.0,0.001481393724878736
2.427833804390854,2.413986631467383,2.697684696656067,43.244856932466234,643.0,1.0,0.0014850045956877381
2.427831223828695,2.4139841158598365,2.697687212263613,43.244931434102,644.0,1.0,0.001488607659242726
2.4278286488764476,2.4139816057023022,2.6976897224211474,43.24500581189078,645.0,1.0,0.0014922029070647666
2.427826079539633,2.4139791010004465,2.697692227123003,43.24508006513026,646.0,1.0,0.0014957903311897938
2.427823515823439,2.413976601759579,2.69769472636387,43.24515419313475,647.0,1.0,0.001499369924143151
2.4278209577326937,2.413974107984668,2.6976972201387817,43.24522819523503,648.0,1.0,0.0015029416789459481
2.4278184052718785,2.413971619680341,2.6976997084431087,43.24530207077798,649.0,1.0,0.0015065055891060172
2.427815858445147,2.413969136850904,2.697702191272546,43.24537581912657,650.0,1.0,0.001510061648591202
2.427813317256303,2.4139666595003195,2.69770466862313,43.24544943965951,651.0,1.0,0.0015136098518601412
2.4278107817088372,2.413964187632238,2.697707140491211,43.245522931771035,652.0,1.0,0.0015171501938139023
2.4278082518059065,2.4139617212499864,2.697709606873463,43.245596294870786,653.0,1.0,0.0015206826698195037
2.4278057275503535,2.4139592603565756,2.697712067766874,43.24566952838351,654.0,1.0,0.0015242072756895392
2.427803208944713,2.4139568049547098,2.69771452316874,43.24574263174894,655.0,1.0,0.0015277240076721173
2.427800695991193,2.413954355046794,2.6977169730766555,43.24581560442149,656.0,1.0,0.001531232862458246
2.4277981886917175,2.41395191063493,2.6977194174885195,43.24588844587015,657.0,1.0,0.001534733837155382
2.4277956870478956,2.4139494717209207,2.697721856402529,43.24596115557827,658.0,1.0,0.0015382269293048223
2.4277931910610544,2.4139470383062864,2.697724289817163,43.2460337330433,659.0,1.0,0.001541712136847866
2.427790700732219,2.4139446103922566,2.697726717731193,43.24610617777666,660.0,1.0,0.0015451894581458491
2.4277882160621385,2.41394218797978,2.69772914014367,43.24617848930354,661.0,1.0,0.0015486588919535263
2.4277857370512717,2.413939771069529,2.6977315570539204,43.24625066716268,662.0,1.0,0.0015521204374280711
2.4277832636998102,2.413937359661914,2.697733968461536,43.24632271090621,663.0,1.0,0.0015555740941005434
2.4277807960076707,2.41393495375706,2.69773637436639,43.24639462009945,664.0,1.0,0.0015590198618985597
2.427778333974496,2.4139325533548313,2.6977387747686183,43.24646639432075,665.0,1.0,0.0015624577411285957
2.4277758775996734,2.41393015845485,2.6977411696686,43.24653803316126,666.0,1.0,0.001565887732449912
2.4277734268823252,2.4139277690564622,2.6977435590669874,43.24660953622479,667.0,1.0,0.0015693098369038636
2.427770981821322,2.4139253851587767,2.697745942964673,43.24668090312763,668.0,1.0,0.0015727240558792359
2.4277685424152864,2.413923006760646,2.6977483213628037,43.24675213349835,669.0,1.0,0.0015761303911208252
2.427766108662583,2.413920633860686,2.697750694262764,43.24682322697765,670.0,1.0,0.0015795288447242558
2.4277636805613465,2.413918266457271,2.6977530616661785,43.24689418321817,671.0,1.0,0.0015829194191185573
2.4277612581094665,2.4139159045485403,2.6977554235749093,43.24696500188436,672.0,1.0,0.001586302117073593
2.4277588413045965,2.4139135481324043,2.6977577799910453,43.24703568265221,673.0,1.0,0.0015896769416874944
2.4277564301441625,2.413911197206538,2.6977601309169117,43.24710622520925,674.0,1.0,0.0015930438963867371
2.427754024625365,2.4139088517684044,2.697762476355045,43.247176629254184,675.0,1.0,0.0015964029849071866
2.4277516247451807,2.4139065118152434,2.697764816308206,43.24724689449691,676.0,1.0,0.001599754211301695
2.427749230500364,2.4139041773440653,2.6977671507793843,43.24731702065825,677.0,1.0,0.0016030975799426375
2.427746841887453,2.413901848351692,2.6977694797717575,43.247387007469825,678.0,1.0,0.0016064330954890902
2.4277444589027777,2.4138995248347186,2.697771803288731,43.247456854673885,679.0,1.0,0.0016097607629083927
2.427742081542455,2.4138972067895423,2.6977741213339073,43.24752656202318,680.0,1.0,0.001613080587458399
2.427739709802408,2.4138948942123495,2.6977764339111,43.24759612928077,681.0,1.0,0.001616392574683852
2.4277373436783485,2.413892587099145,2.6977787410243046,43.247665556219914,682.0,1.0,0.0016196967304073742
2.4277349831657897,2.413890285445728,2.697781042677722,43.247734842623856,683.0,1.0,0.0016229930607384202
2.4277326282600615,2.4138879892477085,2.697783338875741,43.247803988285774,684.0,1.0,0.0016262815720493966
2.4277302789562913,2.413885698500506,2.6977856296229437,43.24787299300852,685.0,1.0,0.0016295622709919168
2.4277279352494254,2.4138834131993594,2.69778791492409,43.247941856604584,686.0,1.0,0.0016328351644729691
2.427725597134227,2.41388113333932,2.6977901947841296,43.24801057889583,687.0,1.0,0.0016361002596624768
2.4277232646052767,2.41387885891527,2.6977924692081796,43.248079159713505,688.0,1.0,0.0016393575639793944
2.427720937656977,2.413876589921916,2.6977947382015337,43.248147598897944,689.0,1.0,0.001642607085093012
2.4277186162835527,2.413874326353783,2.697797001769666,43.24821589629855,690.0,1.0,0.0016458488309267403
2.4277163004790694,2.4138720682052384,2.6977992599182112,43.24828405177357,691.0,1.0,0.0016490828096291927
2.42771399023742,2.413869815470475,2.6978015126529744,43.24835206519003,692.0,1.0,0.0016523090295942938
2.4277116855523246,2.41386756814353,2.6978037599799194,43.24841993642358,693.0,1.0,0.001655527499448639
2.4277093864173445,2.4138653262182803,2.6978060019051693,43.24848766535831,694.0,1.0,0.0016587382280452776
2.427707092825896,2.413863089688439,2.6978082384350106,43.24855525188671,695.0,1.0,0.001661941224454993
2.427704804771219,2.4138608585475794,2.6978104695758702,43.24862269590945,696.0,1.0,0.0016651364979736048
2.427702522246417,2.413858632789106,2.697812695334344,43.24868999733531,697.0,1.0,0.001668324058112203
2.4277002452444343,2.413856412406293,2.6978149157171565,43.24875715608107,698.0,1.0,0.001671503914586837
2.42769797375807,2.413854197392265,2.6978171307311847,43.24882417207132,699.0,1.0,0.0016746760773236793
2.427695707779987,2.413851987739994,2.6978193403834556,43.24889104523838,700.0,1.0,0.0016778405564518374
2.4276934473026923,2.413849783442327,2.6978215446811227,43.24895777552218,701.0,1.0,0.0016809973623003436
2.4276911923185693,2.4138475844919576,2.697823743631492,43.24902436287013,702.0,1.0,0.0016841465053939878
2.4276889428198576,2.4138453908814625,2.697825937241987,43.24909080723698,703.0,1.0,0.0016872879964424186
2.4276866987986594,2.4138432026032763,2.6978281255201733,43.24915710858477,704.0,1.0,0.0016904218463531366
2.427684460246958,2.413841019649709,2.6978303084737405,43.249223266882645,705.0,1.0,0.001693548066206056
2.4276822271565965,2.4138388420129395,2.69783248611051,43.24928928210674,706.0,1.0,0.0016966666672735436
2.427679999519306,2.413836669685038,2.6978346584384116,43.24935515424014,707.0,1.0,0.0016997776609840097
2.4276777773266804,2.413834502657924,2.697836825465526,43.2494208832727,708.0,1.0,0.0017028810589693843
2.4276755605702043,2.4138323409234292,2.6978389872000204,43.24948646920095,709.0,1.0,0.0017059768730024948
2.427673349241241,2.41383018447325,2.6978411436501997,43.249551912028,710.0,1.0,0.0017090651150367554
2.427671143331038,2.4138280332989748,2.697843294824475,43.24961721176344,711.0,1.0,0.0017121457971841071
2.4276689428307243,2.4138258873920844,2.6978454407313652,43.249682368423194,712.0,1.0,0.0017152189317171985
2.4276667477313314,2.4138237467439385,2.697847581379511,43.249747382029454,713.0,1.0,0.0017182845310635398
2.4276645580237677,2.413821611345801,2.6978497167776485,43.24981225261059,714.0,1.0,0.0017213426078053183
2.427662373698851,2.413819481188831,2.6978518469346184,43.249876980200966,715.0,1.0,0.001724393174663214
2.4276601947472827,2.413817356264074,2.6978539718593755,43.24994156484093,716.0,1.0,0.001727436244521454
2.4276580211596706,2.4138152365624865,2.697856091560963,43.25000600657669,717.0,1.0,0.0017304718303926378
2.427655852926513,2.41381312207492,2.6978582060485294,43.250070305460184,718.0,1.0,0.0017334999454415943
2.4276536900382197,2.4138110127921344,2.697860315331315,43.250134461549,719.0,1.0,0.001736520602961545
2.4276515324851164,2.4138089087048,2.69786241941865,43.250198474906334,720.0,1.0,0.0017395338163678242
2.427649380257412,2.413806809803477,2.6978645183199728,43.250262345600774,721.0,1.0,0.0017425395992367722
2.427647233345237,2.4138047160786584,2.697866612044791,43.25032607370633,722.0,1.0,0.0017455379652479407
2.427645091738638,2.413802627520738,2.6978687006027116,43.25038965930229,723.0,1.0,0.0017485289282105584
2.427642955427565,2.4138005441200185,2.697870784003431,43.2504531024731,724.0,1.0,0.001751512502067217
2.4276408244018963,2.4137984658667353,2.6978728622567143,43.25051640330833,725.0,1.0,0.00175448870085871
2.4276386986514105,2.413796392751028,2.697874935372422,43.250579561902555,726.0,1.0,0.0017574575387639092
2.4276365781658207,2.4137943247629607,2.697877003360489,43.25064257835526,727.0,1.0,0.0017604190300624422
2.427634462934753,2.4137922618925156,2.697879066230934,43.25070545277079,728.0,1.0,0.0017633731891528455
2.427632352947766,2.4137902041296115,2.697881123993838,43.25076818525823,729.0,1.0,0.0017663200305268226
2.4276302481943315,2.413788151464084,2.6978831766593654,43.25083077593133,730.0,1.0,0.0017692595687965578
2.4276281486638513,2.4137861038856805,2.697885224237769,43.25089322490842,731.0,1.0,0.001772191818686313
2.4276260543456587,2.4137840613841153,2.6978872667393343,43.25095553231234,732.0,1.0,0.001775116794992044
2.427623965229021,2.4137820239490058,2.697889304174444,43.251017698270346,733.0,1.0,0.0017780345126255873
2.4276218813031303,2.4137799915699,2.6978913365535497,43.25107972291407,734.0,1.0,0.001780944986600717
2.427619802557121,2.413777964236303,2.6978933638871467,43.251141606379335,735.0,1.0,0.0017838482320029646
2.4276177289800547,2.413775941937633,2.6978953861858166,43.25120334880624,736.0,1.0,0.0017867442640311624
2.427615660560935,2.4137739246632535,2.697897403460196,43.25126495033891,737.0,1.0,0.0017896330979634753
2.427613597288701,2.4137719124024777,2.697899415720972,43.25132641112556,738.0,1.0,0.0017925147491598676
2.4276115391522435,2.4137699051445463,2.6979014229789033,43.25138773131835,739.0,1.0,0.0017953892330659948
2.42760948614038,2.4137679028786536,2.697903425244796,43.251448911073304,740.0,1.0,0.001798256565211785
2.4276074382418837,2.413765905593923,2.6979054225295265,43.25150995055029,741.0,1.0,0.0018011167612090899
2.427605395445468,2.4137639132794444,2.697907414844005,43.2515708499129,742.0,1.0,0.0018039698367364448
2.4276033577397964,2.4137619259242413,2.6979094021992083,43.25163160932841,743.0,1.0,0.0018068158075542702
2.427601325113475,2.4137599435172827,2.697911384606167,43.25169222896767,744.0,1.0,0.001809654689502302
2.4275992975550693,2.413757966047495,2.697913362075955,43.251752709005096,745.0,1.0,0.0018124864984795036
2.4275972750530883,2.413755993503763,2.6979153346196867,43.25181304961855,746.0,1.0,0.0018153112504540598
2.427595257596,2.413754025874921,2.6979173022485288,43.25187325098929,747.0,1.0,0.0018181289614596834
2.427593245172222,2.41375206314974,2.69791926497371,43.251933313301926,748.0,1.0,0.0018209396476097529
2.4275912377701268,2.4137501053169697,2.69792122280648,43.25199323674432,749.0,1.0,0.0018237433250654802
2.4275892353780524,2.413748152365308,2.6979231757581417,43.25205302150751,750.0,1.0,0.0018265400100492286
2.427587237984291,2.413746204283413,2.697925123840037,43.25211266778573,751.0,1.0,0.0018293297188438037
2.4275852455770934,2.4137442610598967,2.697927067063553,43.25217217577625,752.0,1.0,0.00183211246779406
2.427583258144669,2.413742322683351,2.6979290054400984,43.25223154567937,753.0,1.0,0.0018348882732886064
2.4275812756751947,2.413740389142305,2.6979309389811448,43.25229077769834,754.0,1.0,0.0018376571517841353
2.4275792981568163,2.4137384604252663,2.6979328676981833,43.252349872039304,755.0,1.0,0.0018404191197732701
2.4275773255776283,2.41373653652071,2.697934791602739,43.25240882891124,756.0,1.0,0.001843174193809354
2.427575357925706,2.41373461741707,2.6979367107063794,43.25246764852592,757.0,1.0,0.0018459223904883433
2.427573395189089,2.4137327031027507,2.697938625020699,43.25252633109781,758.0,1.0,0.0018486637264521829
2.4275714373557875,2.4137307935661294,2.69794053455732,43.25258487684405,759.0,1.0,0.0018513982183831585
2.427569484413766,2.413728888795541,2.697942439327909,43.25264328598439,760.0,1.0,0.001854125883025569
2.427567536350992,2.413726988779313,2.6979443393441365,43.252701558741144,761.0,1.0,0.0018568467371276585
2.427565593155382,2.4137250935057235,2.697946234617726,43.25275969533909,762.0,1.0,0.0018570450647825835
2.4275636548148274,2.413723202963034,2.6979481251604156,43.252817696005486,763.0,1.0,0.001854337654976365
2.427561721317195,2.413721317139476,2.697950010983974,43.25287556096996,764.0,1.0,0.0018516370072659005
2.4275597926503387,2.4137194360232677,2.697951892100182,43.25293329046449,765.0,1.0,0.0018489431047285542
2.427557868802074,2.413717559602592,2.6979537685208577,43.25299088472333,766.0,1.0,0.0018462559303895625
2.427555949760208,2.413715687865615,2.697955640257834,43.253048343983,767.0,1.0,0.0018435754672567113
2.4275540355125074,2.4137138208004725,2.697957507322977,43.25310566848215,768.0,1.0,0.00184090169828706
2.4275521260467467,2.4137119583953,2.6979593697281494,43.25316285846164,769.0,1.0,0.0018382346064441072
2.427550221350657,2.4137101006381982,2.6979612274852514,43.25321991416437,770.0,1.0,0.0018355741746346845
2.42754832141196,2.413708247517242,2.6979630806062076,43.2532768358353,771.0,1.0,0.001832920385742057
2.4275464262183686,2.413706399020514,2.6979649291029357,43.2533336237214,772.0,1.0,0.0018302732226479427
2.427544535757569,2.4137045551360536,2.697966772987396,43.25339027807155,773.0,1.0,0.0018276326681853801
2.427542650017232,2.413702715851908,2.6979686122715414,43.253446799136555,774.0,1.0,0.0018249987051807096
2.42754076898502,2.413700881156096,2.6979704469673536,43.25350318716909,775.0,1.0,0.0018223713164355457
2.427538892648581,2.4136990510366285,2.697972277086821,43.25355944242361,776.0,1.0,0.0018197504847350182
2.42753702099555,2.4136972254814975,2.697974102641952,43.25361556515638,777.0,1.0,0.0018171361928421075
2.4275351540135475,2.4136954044786876,2.697975923644762,43.25367155562537,778.0,1.0,0.0018145284235045968
2.4275332916901906,2.413693588016173,2.6979777401072766,43.25372741409023,779.0,1.0,0.00181192715945971
2.4275314340130834,2.4136917760819188,2.697979552041531,43.25378314081225,780.0,1.0,0.0018093323834295397
2.4275295809698143,2.4136899686638777,2.697981359459572,43.25383873605435,781.0,1.0,0.001806744078116345
2.4275277325479756,2.4136881657499885,2.697983162373461,43.25389420008096,782.0,1.0,0.001804162226215178
2.427525888735145,2.4136863673282036,2.697984960795246,43.25394953315808,783.0,1.0,0.001801586810420571
2.427524049518892,2.413684573386437,2.6979867547370127,43.25400473555316,784.0,1.0,0.0017990178133937076
2.427522214886789,2.4136827839126305,2.697988544210819,43.254059807535086,785.0,1.0,0.001796455217817919
2.427520384826396,2.413680998894691,2.697990329228759,43.25411474937418,786.0,1.0,0.001793899006343059
2.4275185593252733,2.413679218320542,2.6979921098029074,43.254169561342096,787.0,1.0,0.0017913491616312123
2.4275167383709793,2.413677442178088,2.697993885945362,43.25422424371183,788.0,1.0,0.0017888056663288073
2.427514921951058,2.413675670455241,2.6979956576682085,43.25427879675767,789.0,1.0,0.0017862685030780824
2.42751311005307,2.4136739031399106,2.697997424983539,43.25433322075516,790.0,1.0,0.0017837376545310375
2.4275113026645627,2.413672140220001,2.6979991879034486,43.25438751598104,791.0,1.0,0.0017812131033269874
2.4275094997730857,2.41367038168341,2.6980009464400396,43.254441682713285,792.0,1.0,0.0017786948321019513
2.4275077013661868,2.413668627518046,2.6980027006054037,43.25449572123096,793.0,1.0,0.0017761828234979992
2.427505907431424,2.41366687771181,2.6980044504116396,43.254549631814285,794.0,1.0,0.0017736770601597205
2.427504117956346,2.4136651322526124,2.6980061958708372,43.25460341474455,795.0,1.0,0.0017711775247313776
2.427502332928503,2.4136633911283525,2.698007936995097,43.25465707030409,796.0,1.0,0.0017686841998505436
2.427500552335463,2.4136616543269422,2.6980096737965074,43.254710598776256,797.0,1.0,0.0017661970681762378
2.4274987761647857,2.413659921836297,2.6980114062871525,43.25476400044541,798.0,1.0,0.0017637161123644513
2.427497004404035,2.4136581936443307,2.698013134479119,43.25481727559683,799.0,1.0,0.0017612413150725323
2.4274952370407803,2.413656469738964,2.698014858384486,43.25487042451673,800.0,1.0,0.001758772658966893
2.4274934740626044,2.413654750108119,2.6980165780153307,43.25492344749221,801.0,1.0,0.0017563101267242575
2.4274917154570907,2.413653034739731,2.6980182933837185,43.25497634481125,802.0,1.0,0.0017538537010317456
2.427489961211819,2.4136513236217336,2.698020004501716,43.25502911676264,803.0,1.0,0.0017514033645714565
2.4274882113143956,2.4136496167420685,2.698021711381381,43.25508176363598,804.0,1.0,0.0017489591000512412
2.4274864657524233,2.4136479140886866,2.698023414034763,43.25513428572164,805.0,1.0,0.0017465208901824895
2.4274847245135103,2.413646215649546,2.6980251124739034,43.25518668331074,806.0,1.0,0.00174408871768535
2.427482987585284,2.4136445214126123,2.6980268067108373,43.25523895669512,807.0,1.0,0.0017416625652990412
2.4274812549553726,2.413642831365859,2.6980284967575905,43.25529110616729,808.0,1.0,0.001739242415768897
2.427479526611412,2.413641145497273,2.698030182626177,43.25534313202046,809.0,1.0,0.0017368282518552556
2.427477802541066,2.413639463794846,2.6980318643286036,43.255395034548435,810.0,1.0,0.001734420056341458
2.427476082731987,2.4136377862465768,2.698033541876873,43.25544681404564,811.0,1.0,0.0017320178120080057
2.4274743671718575,2.4136361128404893,2.6980352152829603,43.25549847080712,812.0,1.0,0.0017296215016744279
2.4274726558483533,2.4136344435646,2.6980368845588494,43.25555000512842,813.0,1.0,0.0017272311081502117
2.42747094874918,2.413632778406951,2.6980385497164985,43.25560141730566,814.0,1.0,0.0017248466142838726
2.4274692458620475,2.413631117355589,2.6980402107678607,43.255652707635456,815.0,1.0,0.0017224680029301743
2.4274675471746736,2.41362946039858,2.6980418677248696,43.25570387641491,816.0,1.0,0.0017200952569637747
2.427465852674807,2.4136278075239908,2.698043520599459,43.25575492394158,817.0,1.0,0.001717728359281247
2.427464162350196,2.4136261587199197,2.69804516940353,43.255805850513475,818.0,1.0,0.0017153672928011704
2.4274624761886017,2.413624513974458,2.6980468141489915,43.25585665642899,819.0,1.0,0.001713012040446261
2.4274607941778115,2.413622873275731,2.6980484548477186,43.255907341986955,820.0,1.0,0.0017106625851817968
2.427459116305622,2.4136212366118635,2.698050091511586,43.255957907486525,821.0,1.0,0.001708318909979505
2.427457442559847,2.413619603971007,2.6980517241524424,43.25600835322723,822.0,1.0,0.0017059809978423406
2.427455772928319,2.4136179753413174,2.698053352782132,43.25605867950891,823.0,1.0,0.0017036488317885977
2.42745410739888,2.4136163507109742,2.6980549774124754,43.25610888663172,824.0,1.0,0.0017013223948614193
2.427452445959391,2.413614730068172,2.6980565980552775,43.2561589748961,825.0,1.0,0.0016990016701266205
2.427450788597735,2.413613113401116,2.6980582147223338,43.25620894460275,826.0,1.0,0.0016966866406741127
2.4274491353018135,2.4136115006980443,2.6980598274254053,43.25625879605259,827.0,1.0,0.001694377289629922
2.427447486059542,2.41360989194718,2.69806143617627,43.2563085295468,828.0,1.0,0.0016920736001190902
2.4274458408588515,2.4136082871368085,2.698063040986641,43.25635814538675,829.0,1.0,0.0016897755553222575
2.4274441996877023,2.4136066862551964,2.6980646418682532,43.25640764387396,830.0,1.0,0.001687483138426644
2.427442562534059,2.413605089290652,2.698066238832798,43.256457025310176,831.0,1.0,0.0016851963326526534
2.42744092938592,2.413603496231479,2.6980678318919704,43.25650628999724,832.0,1.0,0.001682915121241218
2.4274393002312955,2.413601907066022,2.6980694210574274,43.25655543823715,833.0,1.0,0.0016806394874703716
2.4274376750582185,2.4136003217826367,2.698071006340813,43.25660447033199,834.0,1.0,0.0016783694146422449
2.4274360538547377,2.4135987403696895,2.69807258775376,43.25665338658397,835.0,1.0,0.001676104886077892
2.4274344366089355,2.413597162815586,2.6980741653078635,43.256702187295325,836.0,1.0,0.0016738458851497508
2.4274328233089015,2.413595589108734,2.698075739014715,43.2567508727684,837.0,1.0,0.0016715923952366435
2.427431213942752,2.413594019237573,2.6980773088858765,43.256799443305525,838.0,1.0,0.0016693443997587312
2.4274296084986293,2.413592453190553,2.698078874932897,43.25684789920912,839.0,1.0,0.0016671018821628528
2.427428006964682,2.4135908909561543,2.6980804371672953,43.25689624078156,840.0,1.0,0.0016648648259204894
2.4274264093291045,2.4135893325228785,2.698081995600571,43.25694446832523,841.0,1.0,0.0016626332145513152
2.4274248155800926,2.413587777879245,2.6980835502442044,43.25699258214249,842.0,1.0,0.0016604070315885163
2.4274232257058763,2.413586227013788,2.698085101109662,43.25704058253566,843.0,1.0,0.0016581862605998642
2.4274216396947033,2.4135846799150773,2.6980866482083723,43.257088469806995,844.0,1.0,0.0016559708851904638
2.427420057534846,2.413583136571699,2.6980881915517507,43.2571362442587,845.0,1.0,0.001653760888995085
2.427418479214605,2.4135815969722625,2.698089731151187,43.2571839061929,846.0,1.0,0.0016515562556850183
2.427416904722298,2.413580061105394,2.6980912670180555,43.257231455911565,847.0,1.0,0.001649356968954465
2.4274153340462643,2.4135785289597536,2.698092799163696,43.25727889371663,848.0,1.0,0.0016471630125376076
2.427413767174883,2.41357700052402,2.6980943275994296,43.25732621990986,849.0,1.0,0.0016449743702104428
2.4274122040965356,2.413575475786889,2.698095852336561,43.257373434792875,850.0,1.0,0.0016427910257612573
2.427410644799646,2.413573954737089,2.6980973733863607,43.257420538667155,851.0,1.0,0.0016406129630334712
2.427409089272654,2.413572437363366,2.698098890760084,43.257467531834,852.0,1.0,0.0016384401658921272
2.4274075375040205,2.4135709236544933,2.6981004044689563,43.25751441459456,853.0,1.0,0.001636272618237938
2.4274059894822493,2.413569413599273,2.6981019145241767,43.25756118724974,854.0,1.0,0.0016341103040215096
2.4274044451958527,2.41356790718652,2.6981034209369295,43.25760785010029,855.0,1.0,0.001631953207209351
2.427402904633368,2.413566404405086,2.698104923718363,43.257654403446715,856.0,1.0,0.0016298013118104613
2.4274013677833715,2.413564905243838,2.698106422879611,43.2577008475893,857.0,1.0,0.0016276546018732154
2.4273998346344534,2.413563409691667,2.6981079184317824,43.25774718282807,858.0,1.0,0.0016255130614728
2.4273983051752346,2.4135619177375105,2.698109410385939,43.25779340946282,859.0,1.0,0.0016233766747380898
2.427396779394364,2.4135604293703032,2.6981108987531464,43.25783952779308,860.0,1.0,0.001621245425817077
2.427395257280514,2.4135589445790195,2.69811238354443,43.257885538118074,861.0,1.0,0.0016191192989013976
2.4273937388223867,2.4135574633526584,2.698113864770791,43.25793144073677,862.0,1.0,0.0016169982782217186
2.427392224008704,2.413555985680244,2.698115342443206,43.257977235947834,863.0,1.0,0.0016148823480399833
2.4273907128282275,2.4135545115508243,2.6981168165726253,43.25802292404959,864.0,1.0,0.0016127714926636868
2.427389205269728,2.4135530409534773,2.6981182871699723,43.258068505340106,865.0,1.0,0.0016106656964275045
2.427387701322022,2.413551573877305,2.698119754246145,43.25811398011706,866.0,1.0,0.0016085649437155348
2.4273862009739418,2.413550110311432,2.6981212178120177,43.258159348677815,867.0,1.0,0.0016064692189393498
2.427384704214351,2.413548650245019,2.6981226778784304,43.25820461131939,868.0,1.0,0.0016043785065581711
2.4273832110321365,2.4135471936672452,2.6981241344562044,43.258249768338445,869.0,1.0,0.0016022927910602086
2.427381721416218,2.4135457405673204,2.698125587556129,43.25829482003125,870.0,1.0,0.001600212056978879
2.427380235355546,2.4135442909344818,2.698127037188968,43.25833976669374,871.0,1.0,0.0015981362888891442
2.4273787528390915,2.4135428447579876,2.698128483365462,43.25838460862141,872.0,1.0,0.0015960654713948162
2.4273772738558588,2.4135414020271355,2.698129926096314,43.25842934610941,873.0,1.0,0.0015939995891510875
2.427375798394875,2.4135399627312353,2.6981313653922143,43.25847397945246,874.0,1.0,0.0015919386268384776
2.427374326445202,2.413538526859636,2.6981328012638137,43.25851850894487,875.0,1.0,0.0015898825691888867
2.427372857995925,2.413537094401706,2.698134233721744,43.25856293488051,876.0,1.0,0.0015878314009657151
2.427371393036159,2.4135356653468527,2.698135662776597,43.25860725755288,877.0,1.0,0.001585785106979873
2.4273699315550523,2.4135342396844983,2.6981370884389513,43.258651477254965,878.0,1.0,0.0015837436720765603
2.427368473541776,2.4135328174041,2.6981385107193496,43.25869559427936,879.0,1.0,0.0015817070811421743
2.4273670189855316,2.41353139849514,2.6981399296283097,43.2587396089182,880.0,1.0,0.0015796753191021453
2.427365567875551,2.413529982947132,2.6981413451763174,43.25878352146313,881.0,1.0,0.0015776483709258216
2.427364120201089,2.4135285707496106,2.698142757373839,43.25882733220536,882.0,1.0,0.0015756262216127606
2.427362675951448,2.4135271618921497,2.6981441662313,43.25887104143561,883.0,1.0,0.001573608856225446
2.4273612351159297,2.41352575636434,2.6981455717591096,43.25891464944411,884.0,1.0,0.0015715962598360617
2.427359797683891,2.4135243541558076,2.698146973967642,43.25895815652061,885.0,1.0,0.0015695884175821863
2.4273583636447125,2.4135229552562105,2.698148372867239,43.25900156295438,886.0,1.0,0.0015675853146401525
2.4273569329877898,2.413521559655228,2.6981497684682214,43.25904486903416,887.0,1.0,0.0015655869362119154
2.4273555057025646,2.413520167342565,2.698151160780885,43.25908807504818,888.0,1.0,0.0015635932675500815
2.4273540817785033,2.4135187783079637,2.698152549815486,43.25913118128419,889.0,1.0,0.0015616042939518608
2.427352661205102,2.413517392541193,2.6981539355822566,43.259174188029384,890.0,1.0,0.0015596200007534978
2.427351243971877,2.4135160100320405,2.698155318091409,43.259217095570435,891.0,1.0,0.0015576403733188666
2.427349830068385,2.41351463077034,2.6981566973531095,43.25925990419348,892.0,1.0,0.001555665397073265
2.4273484194842183,2.4135132547459417,2.698158073377508,43.25930261418412,893.0,1.0,0.0015536950574787966
2.4273470122089815,2.413511881948727,2.6981594461747225,43.25934522582742,894.0,1.0,0.001551729340028573
2.427345608232324,2.4135105123686085,2.698160815754841,43.259387739407885,895.0,1.0,0.001549768230268729
2.4273442075439142,2.4135091459955262,2.6981621821279234,43.25943015520944,896.0,1.0,0.0015478117137791296
2.427342810133462,2.413507782819451,2.6981635453039985,43.259472473515515,897.0,1.0,0.001545859776190081
2.4273414159906945,2.4135064228303733,2.6981649052930763,43.259514694608875,898.0,1.0,0.0015439124031582285
2.4273400251053765,2.4135050660183346,2.698166262105115,43.25955681877181,899.0,1.0,0.0015419695804027185
2.427338637467308,2.41350371237338,2.69816761575007,43.25959884628598,900.0,1.0,0.0015400312936706593
2.4273372530663035,2.4135023618856017,2.698168966237848,43.25964077743246,901.0,1.0,0.0015380975287524372
2.4273358718922147,2.4135010145451083,2.6981703135783413,43.259682612491744,902.0,1.0,0.001536168271475928
2.4273344939349357,2.41349967034205,2.698171657781399,43.25972435174377,903.0,1.0,0.0015342435077292812
2.4273331191843734,2.413498329266602,2.6981729988568475,43.25976599546782,904.0,1.0,0.001532323223426466
2.427331747630475,2.413496991308961,2.698174336814489,43.25980754394262,905.0,1.0,0.0015304074045257767
2.427330379263214,2.413495656459368,2.6981756716640817,43.25984899744627,906.0,1.0,0.001528496037035381
2.427329014072594,2.4134943247080702,2.6981770034153794,43.25989035625628,907.0,1.0,0.0015265891069890269
2.427327652048657,2.4134929960453757,2.698178332078074,43.259931620649525,908.0,1.0,0.001524686600490354
2.427326293181455,2.413491670461589,2.6981796576618606,43.259972790902275,909.0,1.0,0.001522788503648298
2.4273249374610906,2.4134903479470733,2.6981809801763763,43.260013867290176,910.0,1.0,0.0015208948026482116
2.4273235848776924,2.413489028492201,2.698182299631249,43.26005485008826,911.0,1.0,0.0015190054837009228
2.427322235421414,2.413487712087381,2.6981836160360686,43.260095739570914,912.0,1.0,0.0015171205330609613
2.427320889082436,2.4134863987230517,2.698184929400398,43.2601365360119,913.0,1.0,0.0015152399370217497
2.427319545850983,2.4134850883896775,2.698186239733772,43.26017723968435,914.0,1.0,0.0015133636819272974
2.4273182057173006,2.413483781077762,2.698187547045688,43.260217850860734,915.0,1.0,0.001511491754163952
2.427316868671662,2.413482476777828,2.6981888513456216,43.26025836981294,916.0,1.0,0.001509624140150855
2.4273155347043787,2.4134811754804293,2.6981901526430203,43.260298796812116,917.0,1.0,0.0015077608263563012
2.4273142038057856,2.4134798771761528,2.698191450947297,43.260339132128856,918.0,1.0,0.0015059017992885549
2.427312875966253,2.413478581855612,2.6981927462678374,43.26037937603306,919.0,1.0,0.00150404704550001
2.4273115511761816,2.4134772895094496,2.698194038614,43.26041952879396,920.0,1.0,0.0015021965515845375
2.427310229425993,2.4134760001283446,2.698195327995105,43.26045959068014,921.0,1.0,0.0015003503041771254
2.427308910706154,2.413474713702998,2.6981966144204517,43.26049956195955,922.0,1.0,0.0014985082899596897
2.42730759500715,2.4134734302241423,2.6981978978993073,43.26053944289946,923.0,1.0,0.0014966704956503138
2.427306282319499,2.4134721496825335,2.698199178440916,43.26057923376647,924.0,1.0,0.0014948369080061898
2.427304972633756,2.4134708720689684,2.6982004560544812,43.2606189348265,925.0,1.0,0.0014930075138396884
2.4273036659404994,2.413469597374265,2.698201730749185,43.260658546344835,926.0,1.0,0.0014911822999946125
2.4273023622303356,2.413468325589278,2.698203002534171,43.260698068586066,927.0,1.0,0.0014893612533610464
2.4273010614939103,2.4134670567048797,2.69820427141857,43.260737501814106,928.0,1.0,0.0014875443608684724
2.427299763721887,2.41346579071198,2.6982055374114697,43.26077684629221,929.0,1.0,0.001485731609486124
2.4272984689049757,2.413464527601519,2.6982068005219304,43.26081610228293,930.0,1.0,0.0014839229862375555
2.4272971770339034,2.4134632673644667,2.698208060758983,43.260855270048154,931.0,1.0,0.0014821184781787548
2.4272958880994295,2.413462009991809,2.6982093181316404,43.260894349849096,932.0,1.0,0.001480318072401162
2.4272946020923474,2.413460755474585,2.6982105726488648,43.26093334194625,933.0,1.0,0.0014785217560561279
2.4272933190034767,2.4134595038038356,2.698211824319614,43.26097224659945,934.0,1.0,0.0014767295163168252
2.427292038823671,2.413458254970653,2.6982130731527967,43.26101106406785,935.0,1.0,0.0014749413404151182
2.4272907615438104,2.4134570089661516,2.698214319157298,43.2610497946099,936.0,1.0,0.0014731572156181053
2.427289487154802,2.4134557657814675,2.698215562341982,43.261088438483355,937.0,1.0,0.0014713771292269003
2.427288215647593,2.4134545254077775,2.698216802715672,43.26112699594528,938.0,1.0,0.0014696010686003794
2.4272869470131546,2.41345328783628,2.69821804028717,43.261165467252056,939.0,1.0,0.001467829021129155
2.4272856812424877,2.4134520530582044,2.698219275065245,43.26120385265936,940.0,1.0,0.0014660609742465343
2.4272844183266145,2.4134508210648065,2.698220507058643,43.26124215242216,941.0,1.0,0.0014642969154202322
2.4272831582566035,2.4134495918473764,2.698221736276073,43.26128036679475,942.0,1.0,0.0014625368321747238
2.4272819010235462,2.4134483653972314,2.698222962726218,43.26131849603071,943.0,1.0,0.0014607807120698784
2.4272806466185575,2.4134471417057153,2.6982241864177343,43.26135654038292,944.0,1.0,0.001459028542700654
2.427279395032791,2.4134459207642003,2.6982254073592493,43.26139450010355,945.0,1.0,0.0014572803117099459
2.4272781462574233,2.413444702564094,2.698226625559355,43.26143237544409,946.0,1.0,0.0014555360067818313
2.4272769002836654,2.413443487096826,2.6982278410266236,43.26147016665531,947.0,1.0,0.0014537956156395733
2.4272756571027614,2.4134422743538533,2.6982290537695963,43.26150787398727,948.0,1.0,0.0014520591260504952
2.4272744167059663,2.4134410643266673,2.6982302637967823,43.26154549768933,949.0,1.0,0.001450326525812839
2.427273179084585,2.4134398570067894,2.69823147111666,43.26158303801015,950.0,1.0,0.0014485978027817556
2.427271944229945,2.4134386523857607,2.698232675737689,43.26162049519769,951.0,1.0,0.0014468729448426088
2.427270712133403,2.413437450455159,2.69823387766829,43.26165786949917,952.0,1.0,0.001445151939926736
2.4272694827863397,2.413436251206587,2.6982350769168626,43.26169516116112,953.0,1.0,0.0014434347760006363
2.4272682561801773,2.4134350546316767,2.698236273491773,43.261732370429385,954.0,1.0,0.001441721441080648
2.427267032306355,2.413433860722085,2.6982374674013645,43.261769497549054,955.0,1.0,0.001440011923212778
2.4272658111563494,2.413432669469506,2.6982386586539437,43.26180654276454,956.0,1.0,0.0014383062104954686
2.4272645927216594,2.413431480865656,2.6982398472577938,43.26184350631952,957.0,1.0,0.0014366042910591659
2.4272633769938157,2.4134302949022786,2.698241033221171,43.261880388456994,958.0,1.0,0.001434906153075866
2.4272621639643788,2.413429111571144,2.6982422165523055,43.26191718941922,959.0,1.0,0.0014332117847574986
2.427260953624939,2.413427930864062,2.698243397259388,43.261953909447755,960.0,1.0,0.0014315211743644587
2.427259745967122,2.413426752772857,2.698244575350593,43.26199054878344,961.0,1.0,0.0014298343101939643
2.4272585409825673,2.4134255772893844,2.698245750834065,43.26202710766641,962.0,1.0,0.0014281511805736501
2.427257338662958,2.4134244044055393,2.6982469237179103,43.26206358633609,963.0,1.0,0.0014264717738902775
2.4272561389999936,2.4134232341132247,2.698248094010225,43.26209998503118,964.0,1.0,0.0014247960785480171
2.4272549419854013,2.4134220664043884,2.698249261719061,43.262136303989664,965.0,1.0,0.0014231240830021895
2.4272537476109513,2.4134209012710013,2.6982504268524483,43.26217254344885,966.0,1.0,0.0014214557757549835
2.427252555868437,2.4134197387050573,2.6982515894183923,43.26220870364528,967.0,1.0,0.0014197911453412385
2.4272513667496707,2.4134185786985807,2.698252749424869,43.262244784814825,968.0,1.0,0.001418130180330733
2.427250180246503,2.4134174212436275,2.698253906879822,43.26228078719262,969.0,1.0,0.0014164728693423284
2.4272489963508086,2.4134162663322805,2.698255061791169,43.262316711013106,970.0,1.0,0.0014148192010312653
2.427247815054489,2.41341511395664,2.6982562141668094,43.26235255650999,971.0,1.0,0.0014131691640843658
2.4272466363494853,2.413413964108848,2.6982573640146015,43.2623883239163,972.0,1.0,0.0014115227472449193
2.427245460227752,2.4134128167810616,2.698258511342388,43.2624240134643,973.0,1.0,0.0014098799392775285
2.4272442866812796,2.4134116719654752,2.6982596561579744,43.26245962538558,974.0,1.0,0.0014082407289982423
2.4272431157020815,2.4134105296543105,2.698260798469139,43.26249515991103,975.0,1.0,0.001406605105258195
2.4272419472822104,2.413409389839803,2.698261938283647,43.262530617270805,976.0,1.0,0.0014049730569467161
2.427240781413733,2.4134082525142286,2.698263075609221,43.26256599769433,977.0,1.0,0.0014033445729915025
2.427239618088752,2.413407117669891,2.6982642104535586,43.26260130141037,978.0,1.0,0.0014017196423643879
2.4272384572993957,2.4134059852991108,2.698265342824339,43.26263652864696,979.0,1.0,0.001400098254068787
2.42723729903782,2.4134048553942424,2.698266472729207,43.26267167963139,980.0,1.0,0.0013984803971506588
2.4272361432962146,2.4134037279476708,2.698267600175779,43.262706754590305,981.0,1.0,0.001396866060701243
2.4272349900667844,2.4134026029517948,2.698268725171655,43.26274175374957,982.0,1.0,0.0013952552338331657
2.427233839341765,2.413401480399056,2.6982698477243936,43.26277667733443,983.0,1.0,0.0013936479057102746
2.427232691113433,2.4134003602819085,2.698270967841541,43.26281152556933,984.0,1.0,0.0013920440655346884
2.4272315453740756,2.413399242592842,2.6982720855306077,43.26284629867807,985.0,1.0,0.001390443702540651
2.4272304021160185,2.413398127324374,2.6982732007990755,43.26288099688374,986.0,1.0,0.0013888468060103464
2.427229261331611,2.4133970144690444,2.698274313654405,43.26291562040868,987.0,1.0,0.0013872533652573916
2.427228123013222,2.4133959040194135,2.698275424104036,43.26295016947458,988.0,1.0,0.0013856633696242488
2.4272269871532597,2.4133947959680775,2.698276532155372,43.26298464430239,989.0,1.0,0.001384076808506193
2.4272258537441544,2.413393690307659,2.6982776378157904,43.26301904511238,990.0,1.0,0.001382493671333585
2.4272247227783605,2.4133925870308044,2.698278741092645,43.2630533721241,991.0,1.0,0.0013809139475694345
2.427223594248364,2.4133914861301804,2.698279841993269,43.26308762555641,992.0,1.0,0.0013793376267146505
2.427222468146679,2.41339038759849,2.6982809405249597,43.26312180562747,993.0,1.0,0.0013777646983151944
2.427221344465835,2.413389291428454,2.698282036694996,43.26315591255473,994.0,1.0,0.0013761951519398626
2.427220223198404,2.413388197612827,2.6982831305106227,43.26318994655497,995.0,1.0,0.001374628977212927
2.42721910433697,2.4133871061443823,2.6982842219790673,43.2632239078442,996.0,1.0,0.001373066163779211
2.4272179878741564,2.4133860170159185,2.698285311107531,43.263257796637845,997.0,1.0,0.0013715067013290458
2.427216873802605,2.413384930220275,2.698286397903175,43.26329161315053,998.0,1.0,0.0013699505795953058
2.427215762114983,2.4133838457502925,2.698287482373157,43.26332535759624,999.0,1.0,0.0013683977883301966
