run_num,iteration,is_final_iteration,complexity,accuracy,distortion,mse,eu_gamma,kl_eb,min_epsilon,min_epsilon_beta,min_gnid,gnid_beta
0,1,False,0.2818371497020582,0.07201872346395,3.237315974507818,1673.6039784247566,0.011916698953869289,0.37021750644058593,0.20952225382482048,1.0013131313131314,0.9447555911950428,1.0008080808080808
0,2,False,0.0998835192344707,0.08160020430957893,3.2509558880334417,1661.2838234032547,0.01325378446710267,0.003425846749467925,0.01820306695622047,1.001060606060606,0.8196658658321692,1.0007575757575757
0,3,False,0.25601843583819495,0.22924971564501817,3.354142832697353,1629.561656978704,0.015964497222492047,0.002967355010404757,0.026506269280325716,1.0012626262626263,0.7417897214010842,1.000858585858586
0,4,False,0.7127858839602066,0.6614151825276728,3.676757676787692,1493.4734276183049,0.026059072746779606,0.005984602374457577,0.05022717203677139,1.0029797979797979,0.6540487066853606,1.0011616161616161
0,5,False,1.7300278673491842,1.6336309536076659,4.582876349200751,1034.6560076467044,0.059237467380111514,0.020623614708288246,0.08755372049003571,1.0153535353535352,0.48062444403810933,1.004141414141414
0,6,False,2.9130963007050763,2.7636363823237122,6.63158176784591,419.58165424722347,0.11418840725202166,0.0447678525750077,0.09288486767009098,1.0894472361809047,0.12257066052406518,1.0405527638190954
0,7,False,3.5922471907678784,3.3993181978370295,10.481450157156823,114.4863153691653,0.1551301170724063,0.04643434299187904,0.04770272825028371,1.2407035175879397,0.013826666963864143,1.184422110552764
0,8,False,3.861054277784822,3.638287937034912,16.854775481680406,29.095880293986625,0.17428463460080607,0.04676691610724637,0.0173770839984366,1.3462311557788946,0.004011199701473456,1.3251256281407036
0,9,False,3.9654212175977257,3.7239558997941273,24.054755126105228,11.667039736648944,0.18271729057979108,0.049785672641714476,0.007620422485092885,1.4025125628140704,0.002801292241191633,1.4025125628140704
0,10,False,4.0150476801673545,3.7623182243016196,29.413194828773765,7.802548898158944,0.1870324535523449,0.051851688854584105,0.004257134447603155,1.4306532663316585,0.0025050503893753184,1.4306532663316585
0,11,False,4.042105840247562,3.7826247080190676,32.68328662574962,6.523193463622569,0.18942215958668063,0.05274697334896663,0.0027225954847440227,1.4517587939698493,0.0017152406189133718,1.4517587939698493
0,12,False,4.057352594109696,3.7937268416111216,33.93987463372164,6.200686225313612,0.1907803359902494,0.05296714900083524,0.0020998573910028465,1.4587939698492463,0.0019478691029475304,1.4658291457286432
0,13,False,4.066672385646754,3.8003914183307153,34.189364649066164,6.131031612148352,0.19163441231216038,0.05287963683977999,0.0018062236821649775,1.4658291457286432,0.0016272827498573506,1.4658291457286432
0,14,False,4.072988492504237,3.8049121380290796,34.20952949445775,6.096513807885659,0.19222214540845212,0.052674063836472926,0.0015909214293356123,1.4728643216080402,0.0011683284801190519,1.4728643216080402
0,15,False,4.077550850719469,3.808190073262036,34.21559460706684,6.072557029738775,0.19265075601625492,0.052438638908294456,0.0014105954929706655,1.4728643216080402,0.0012288149986362518,1.4728643216080402
0,16,False,4.081005335362219,3.810678771849206,34.21825401184767,6.054911496363179,0.19297758384602692,0.05221185696587476,0.0012673163664192165,1.4728643216080402,0.0014677136370799815,1.4798994974874373
0,17,False,4.083716411920612,3.812634763555316,34.21958156459181,6.0413675625076575,0.19323525347291276,0.05200795348814241,0.0011477797378014849,1.4798994974874373,0.0010867503479240481,1.4798994974874373
0,18,False,4.085899935494929,3.8142110004816825,34.22027629646909,6.030645673712151,0.19344328515314443,0.05183021227069912,0.0010469967716696877,1.4798994974874373,0.0007816443967332276,1.4798994974874373
0,19,False,4.087691123806264,3.8155040630228463,34.2206879797192,6.021963029693908,0.19361406730804528,0.05167742418100443,0.000964278794022386,1.4798994974874373,0.0006929221036843236,1.4798994974874373
0,20,False,4.089179847221269,3.816578604643441,34.22098575609121,6.014812854692634,0.19375595250996613,0.051546820851739096,0.0008956996847553943,1.4798994974874373,0.0008201830271991062,1.4798994974874373
0,21,False,4.090429238722201,3.817480277330432,34.221244407471744,6.008848989819975,0.1938748879558803,0.05143532930168315,0.000838267774285374,1.4798994974874373,0.0009265336507301436,1.4798994974874373
0,22,False,4.091485758853496,3.8182427692219,34.22148954235911,6.003823730070859,0.19397529857772877,0.05134006481330655,0.0007896893161885107,1.4798994974874373,0.0010160382290179681,1.4798994974874373
0,23,False,4.092384841315329,3.818891790476675,34.22172204291284,5.999553090044975,0.19406058563735262,0.051258492329956745,0.0007481974668627209,1.4798994974874373,0.0010917660050657751,1.4798994974874373
0,24,False,4.093154214572259,3.8194474448473876,34.22193173981592,5.995896511667724,0.19413342376946363,0.051188450439285486,0.0007110959460287517,1.4869346733668343,0.0011561208039958526,1.4798994974874373
0,25,False,4.093815969353663,3.8199257221697245,34.22210518613534,5.9927443888613485,0.19419594909650056,0.05112812285092731,0.0006778649281845887,1.4869346733668343,0.0010806836440298007,1.4869346733668343
0,26,False,4.0943879238653835,3.820339492870449,34.222229957811,5.990009975743751,0.19424988584148462,0.05107599348338528,0.0006487476503474943,1.4869346733668343,0.000999389250411875,1.4869346733668343
0,27,False,4.094884576167248,3.820699206018876,34.2222967741884,5.987623863611746,0.19429663623658652,0.05103079995934035,0.0006230453436610032,1.4869346733668343,0.0009282914802123399,1.4869346733668343
0,28,False,4.095317799583977,3.8210134006193996,34.22230021907547,5.985530042356662,0.1943373471248111,0.05099149113812949,0.0006002041055202573,1.4869346733668343,0.0008657769897425505,1.4869346733668343
0,29,False,4.095697368315694,3.821289092280564,34.222238599343264,5.983682993705797,0.19437296082920513,0.050957190418087196,0.0005797817164469772,1.4869346733668343,0.0008105292370068629,1.4869346733668343
0,30,False,4.096031364470717,3.821532072270328,34.22211333490887,5.982045492040445,0.19440425482005808,0.05092716492014229,0.0005614223243495207,1.4869346733668343,0.0007614674816983635,1.4869346733668343
0,31,False,4.096326498427091,3.821747142305272,34.22192816272384,5.980586912192044,0.19443187306445325,0.05090080002649897,0.0005448371062981588,1.4869346733668343,0.0007176995374587047,1.4869346733668343
0,32,False,4.096588363643615,3.8219383006938283,34.221688340500734,5.979281912829573,0.19445635101133377,0.050877578540216864,0.0005297894919497846,1.4869346733668343,0.0006784848114493869,1.4869346733668343
0,33,False,4.096821640711475,3.822108890856615,34.221399954994965,5.9781094045958465,0.1944781356085799,0.05085706371232921,0.0005160838729417503,1.4869346733668343,0.0006432051981817288,1.4869346733668343
0,34,False,4.097030261497979,3.822261720346967,34.22106937892227,5.977051737299881,0.19449760139437935,0.050838885444996595,0.0005035569730405025,1.4869346733668343,0.0006113420487334764,1.4869346733668343
0,35,False,4.097217541622523,3.822399156549084,34.22070288069716,5.976094057084486,0.19451506346486916,0.05082272907151981,0.0004920712433274242,1.4869346733668343,0.0005824578762391175,1.4869346733668343
0,36,False,4.0973862876690745,3.822523203849869,34.22030636908544,5.975223796124958,0.19453078794722148,0.050808326212086814,0.0004815097933826219,1.4869346733668343,0.0005561817705357353,1.4869346733668343
0,37,False,4.0975388841829385,3.8226355660535667,34.2198852457352,5.9744302659546396,0.19454500047717632,0.050795447295856465,0.00047177248410540384,1.4869346733668343,0.0005321977255592358,1.4869346733668343
0,38,False,4.097677364461225,3.8227376970202283,34.21944433754438,5.973704331979295,0.19455789307878957,0.050783895420091256,0.00046277289756854566,1.4869346733668343,0.0005102352588232106,1.4869346733668343
0,39,False,4.09780346833262,3.822830841892147,34.21898788408261,5.973038151726069,0.19456962976393738,0.050773501284052606,0.0004544359688997795,1.4869346733668343,0.0004900618381780131,1.4869346733668343
0,40,False,4.097918689476355,3.8229160707844834,34.21851956019406,5.97242496324512,0.1945803511049788,0.05076411898980275,0.0004466961188186622,1.4869346733668343,0.0004714767370942452,1.4869346733668343
0,41,False,4.098024314315355,3.822994306429358,34.21804251893634,5.971858913096945,0.1945901779825779,0.0507556225454193,0.00043949576614055945,1.4869346733668343,0.0004543060224344586,1.4869346733668343
0,42,False,4.098121454106998,3.8230663469550255,34.21755944440712,5.971334915703293,0.19459921466955638,0.050747902940267174,0.0004327841304254883,1.4869346733668343,0.000438398443430299,1.4869346733668343
0,43,False,4.09821107152705,3.8231328847385235,34.21707260751544,5.970848537659208,0.19460755137882696,0.05074086568866449,0.00042651625767586073,1.4869346733668343,0.0004236220408299074,1.4869346733668343
0,44,False,4.098294002780955,3.823194522077296,34.21658392037252,5.97039590201233,0.19461526637736398,0.050734428759107615,0.00042065221909625756,1.4869346733668343,0.0004098613344455382,1.4869346733668343
0,45,False,4.098370976069468,3.8232517842734204,34.21609498683387,5.969973608604255,0.19462242774747313,0.05072852082249267,0.0004151564454589773,1.4869346733668343,0.0003970149776603149,1.4869346733668343
0,46,False,4.098442627070872,3.8233051306039894,34.21560714798071,5.969578667409273,0.1946290948602561,0.05072307976552354,0.0004099971688931237,1.4869346733668343,0.00038499379108258847,1.4869346733668343
0,47,False,4.098509511971846,3.823354963556868,34.215121522139135,5.969208442454937,0.19463531961322664,0.05071805142554877,0.00040514595070116567,1.4869346733668343,0.000373719105817405,1.4869346733668343
0,48,False,4.098572118475513,3.823401636636408,34.2146390395289,5.968860604411049,0.19464114747381375,0.05071338851103396,0.0004005772788315759,1.4869346733668343,0.0003631213610331141,1.4869346733668343
0,49,False,4.098630875133349,3.8234454609848125,34.21416047191048,5.9685330903227625,0.1946466183623999,0.05070904967823532,0.0003962682224494553,1.4869346733668343,0.0003531389116324668,1.4869346733668343
0,50,False,4.098686159282293,3.8234867110183473,34.2136864577344,5.968224069266341,0.1946517674021382,0.05070499873974329,0.0003921981336250919,1.4869346733668343,0.00034371701042745784,1.4869346733668343
0,51,False,4.098738303816603,3.823525629240347,34.21321752334177,5.967931912942593,0.19465662555769747,0.0507012039846953,0.0003883483885694005,1.4869346733668343,0.0003348069360591399,1.4869346733668343
0,52,False,4.098787602982261,3.8235624303637987,34.21275410075748,5.967655170408675,0.19466122018103,0.050697637593809415,0.00038470216192753736,1.4869346733668343,0.0003263652432378139,1.4869346733668343
0,53,False,4.0988343173485475,3.823597304852173,34.21229654257958,5.967392546295638,0.19466557547900593,0.050694275135139265,0.00038124422945366043,1.4869346733668343,0.00031835311614936135,1.4869346733668343
0,54,False,4.098878678084395,3.823630421968744,34.21184513441692,5.967142881975404,0.19466971291515103,0.050691095128704934,0.00037796079464545945,1.4869346733668343,0.00031073580920470967,1.4869346733668343
0,55,False,4.0989208906455,3.82366193240877,34.21140010527084,5.966905139234031,0.19467365155561722,0.05068807867002109,0.00037483933623477274,1.4869346733668343,0.0003034821621102912,1.4869346733668343
0,56,False,4.098961137960334,3.823691970576748,34.210961636201446,5.9666783860829415,0.19467740836780548,0.05068520910408721,0.0003718684736026341,1.4869346733668343,0.0002965641783384543,1.4869346733668343
0,57,False,4.098999583188924,3.8237206565608286,34.210529867567516,5.966461784400303,0.19468099847867135,0.050682471742695925,0.0003690378477157263,1.4869346733668343,0.0002899566579102064,1.4869346733668343
0,58,False,4.099036372116252,3.8237480978478544,34.210104905083355,5.966254579144239,0.1946844353986025,0.05067985361898966,0.0003663380157026762,1.4869346733668343,0.0002836368768402986,1.4869346733668343
0,59,False,4.099071635232493,3.8237743908159025,34.2096868248958,5.966056088919897,0.19468773121582061,0.05067734327410005,0.0003637603573260128,1.4869346733668343,0.00027758430677926604,1.4869346733668343
0,60,False,4.0991054895441135,3.8237996220354447,34.20927567785002,5.965865697715783,0.19469089676548734,0.05067493057146259,0.0003612969918313954,1.4869346733668343,0.00027178036938879657,1.4869346733668343
0,61,False,4.099138040153306,3.8238238694054942,34.20887149308398,5.965682847652426,0.19469394177705207,0.050672606535039987,0.0003589407040033627,1.4869346733668343,0.00026620822077427775,1.4869346733668343
0,62,False,4.099169381637372,3.823847203147155,34.20847428106661,5.965507032609452,0.1946968750028444,0.05067036320822884,0.0003566848782908984,1.4869346733668343,0.0002608525620227953,1.4869346733668343
0,63,False,4.0991995992553,3.823869686673813,34.20808403617478,5.965337792616441,0.1946997043304684,0.05066819353068238,0.0003545234400668102,1.4869346733668343,0.0002556994724174366,1.4869346733668343
0,64,False,4.099228770004544,3.823891377354281,34.20770073888708,5.96517470890916,0.19470243688118066,0.05066609123067303,0.00035245080319303473,1.4869346733668343,0.0002507362624298848,1.4869346733668343
0,65,False,4.099256963547926,3.823912327183047,34.20732435765862,5.965017399566455,0.1947050790961198,0.05066405073094696,0.00035046182313685354,1.4869346733668343,0.0002459513439588834,1.4869346733668343
0,66,False,4.099284243027624,3.8239325833695403,34.20695485052967,5.964865515654703,0.19470763681198766,0.05066206706631001,0.0003485517551285047,1.4869346733668343,0.0002413341156433102,1.4869346733668343
0,67,False,4.099310665780905,3.8239521888570494,34.2065921665115,5.9647187378165984,0.19471011532755894,0.050660135811421474,0.00034671621659860435,1.4869346733668343,0.0002368748613874594,1.4869346733668343
0,68,False,4.099336283970224,3.8239711827800384,34.20623624678521,5.964576773249484,0.19471251946220272,0.05065825301748048,0.00034495115361165115,1.4869346733668343,0.0002325646604411924,1.4869346733668343
0,69,False,4.099361145138571,3.8239896008678134,34.2058870257431,5.964439353025631,0.19471485360743898,0.05065641515666889,0.00034325281068634504,1.4869346733668343,0.00022839530766149974,1.4869346733668343
0,70,False,4.099385292699544,3.824007475801091,34.205544431896705,5.964306229713081,0.19471712177241163,0.050654619073361766,0.00034161770381516094,1.4869346733668343,0.00022435924268460194,1.4869346733668343
0,71,False,4.099408766370228,3.8240248375274817,34.20520838867184,5.964177175260992,0.19471932762404393,0.05065286194125204,0.00034004259609959474,1.4869346733668343,0.00022044948696275934,1.4869346733668343
0,72,False,4.099431602554025,3.8240417135407316,34.20487881510729,5.964051979117988,0.19472147452253738,0.05065114122564621,0.000338524475974799,1.4869346733668343,0.0002166595877328703,1.4869346733668343
0,73,False,4.099453834679615,3.824058129128396,34.20455562647099,5.96393044655604,0.19472356555279086,0.05064945465028373,0.0003370605374901998,1.4869346733668343,0.00021319618338855317,1.4869346733668343
0,74,False,4.099475493501329,3.8240741075915032,34.20423873480525,5.963812397175767,0.19472560355223847,0.050647800168119796,0.0003356481626592366,1.4869346733668343,0.00021453120216563537,1.4869346733668343
0,75,False,4.099496607365676,3.8240896704397684,34.20392804941092,5.963697663572096,0.1947275911355432,0.050646175935580316,0.0003342849054899653,1.4869346733668343,0.00021583573160877112,1.4869346733668343
0,76,False,4.099517202448061,3.8241048375652262,34.20362347727833,5.96358609014176,0.19472953071652477,0.050644580289862955,0.0003329684775465968,1.4869346733668343,0.0002171113800060187,1.4869346733668343
0,77,False,4.099537302963265,3.824119627396735,34.203324923472,5.963477532016384,0.194731424527654,0.05064301172891026,0.00033169673500553466,1.4869346733668343,0.00021835961799065995,1.4869346733668343
0,78,False,4.099556931352787,3.82413405703776,34.20303229147511,5.963371854106886,0.19473327463740187,0.050641468893730564,0.00033046766685946547,1.4869346733668343,0.000219581792667789,1.4869346733668343
0,79,False,4.099576108451785,3.8241481423892765,34.20274548349817,5.963268930246587,0.19473508296569833,0.05063995055278071,0.00032927938428742065,1.4869346733668343,0.00022077914015616873,1.4869346733668343
0,80,False,4.099594853638022,3.8241618982595718,34.202464400756554,5.963168642421987,0.19473685129772106,0.05063845558816224,0.0003281301110223662,1.4869346733668343,0.00022195279672421186,1.4869346733668343
0,81,False,4.099613184964825,3.8241753384624033,34.202188943720294,5.963070880081435,0.1947385812962093,0.05063698298341222,0.0003270181746111908,1.4869346733668343,0.00022310380869405844,1.4869346733668343
0,82,False,4.099631119280046,3.8241884759049363,34.201919012339175,5.962975539513037,0.1947402745124738,0.05063553181269763,0.0003259419984822728,1.4869346733668343,0.00022423314125286087,1.4869346733668343
0,83,False,4.099648672332465,3.8242013226665144,34.20165450624585,5.96288252328424,0.19474193239625165,0.05063410123124644,0.00032490009473282037,1.4869346733668343,0.00022534168630161666,1.4869346733668343
0,84,False,4.099665858867214,3.824213890069382,34.20139532493933,5.962791739736338,0.19474355630453882,0.05063269046686675,0.0003238910575792384,1.4869346733668343,0.00022643026946644884,1.4869346733668343
0,85,False,4.099682692711351,3.8242261887422107,34.20114136795077,5.962703102527934,0.1947451475095158,0.050631298812426076,0.0003229135573880923,1.4869346733668343,0.0002274996563397247,1.4869346733668343
0,86,False,4.099699186850794,3.8242382286772756,34.20089253499346,5.962616530222124,0.1947467072056684,0.05062992561917693,0.00032196633522972817,1.4869346733668343,0.00022855055807735614,1.4869346733668343
0,87,False,4.099715353499455,3.8242500192819406,34.200648726098294,5.962531945912697,0.19474823651619394,0.05062857029082869,0.0003210481978972069,1.4869346733668343,0.00022958363639313806,1.4869346733668343
0,88,False,4.099731204161603,3.824261569425106,34.20040984173646,5.962449276885231,0.19474973649877192,0.050627232278278686,0.0003201580133917463,1.4869346733668343,0.000230599508032725,1.4869346733668343
0,89,False,4.099746749688023,3.8242728874791716,34.20017578293016,5.962368454309423,0.1947512081507695,0.05062591107492436,0.00031929470673250896,1.4869346733668343,0.0002315987487969684,1.4869346733668343
0,90,False,4.099762000326804,3.824283981357958,34.19994645135276,5.962289412959361,0.19475265241394324,0.05062460621249009,0.0003184572561898916,1.4869346733668343,0.00023258189714336908,1.4869346733668343
0,91,False,4.099776965769243,3.8242948585511023,34.1997217494191,5.962212090958879,0.1947540701786923,0.0506233172573072,0.00031764468976192364,1.4869346733668343,0.00023354945742148914,1.4869346733668343
0,92,False,4.099791655191449,3.8243055261552215,34.19950158036693,5.962136429549381,0.19475546228791127,0.05062204380699627,0.000316856081989348,1.4869346733668343,0.00023450190279128424,1.4869346733668343
0,93,False,4.099806077292039,3.8243159909022193,34.19928584833022,5.9620623728778925,0.19475682954048518,0.050620785487503615,0.00031609055100126755,1.4869346733668343,0.00023543967784878106,1.4869346733668343
0,94,False,4.0998202403264585,3.82432625918506,34.199074458404986,5.961989867803259,0.19475817269446485,0.05061954195045268,0.0003153472558236133,1.4869346733668343,0.00023636320099773567,1.4869346733668343
0,95,False,4.099834152138104,3.8243363370812435,34.19886731670831,5.961918863718681,0.19475949246995666,0.0506183128707731,0.000314625393832762,1.4869346733668343,0.00023727286657448943,1.4869346733668343
0,96,False,4.099847820186815,3.824346230374232,34.19866433043105,5.96184931238901,0.19476078955175558,0.050617097944576354,0.00031392419849049155,1.4869346733668343,0.00023816904680640238,1.4869346733668343
0,97,False,4.099861251574756,3.8243559445729947,34.19846540788484,5.961781167801293,0.1947620645917486,0.05061589688725006,0.0003132429372073619,1.4869346733668343,0.00023905209354102563,1.4869346733668343
0,98,False,4.09987445307017,3.824365484929963,34.19827045854376,5.961714386027344,0.19476331821111215,0.050614709431745605,0.00031258090936139794,1.4869346733668343,0.00023992233984371225,1.4869346733668343
0,99,False,4.099887431129071,3.8243748564574407,34.1980793930811,5.961648925097149,0.1947645510023237,0.05061353532703743,0.00031193744447685623,1.4869346733668343,0.00024078010143757655,1.4869346733668343
0,100,False,4.099900191915175,3.8243840639427003,34.19789212340169,5.961584744882094,0.19476576353100708,0.05061237433673607,0.00031131190053141467,1.4869346733668343,0.000241625678017221,1.4869346733668343
0,102,False,4.099925084970698,3.8244020048926473,34.1975286253343,5.961460074650778,0.19476812993904802,0.050610090819581975,0.0003101121403407277,1.4869346733668343,0.0002432814018016316,1.4869346733668343
0,104,False,4.099949176360369,3.8244193420780803,34.19717928518596,5.9613400872294156,0.19477042148426385,0.05060785723721616,0.00030897700473710567,1.4869346733668343,0.00024489163087415555,1.4869346733668343
0,107,False,4.099983897971761,3.824444283969548,34.19668038751886,5.961168312954245,0.19477372647853747,0.05060459729798815,0.0003073862476630033,1.4869346733668343,0.00024722584689051974,1.4869346733668343
0,109,False,4.100006155305877,3.8244602440668007,34.196363610533766,5.9610589192550805,0.19477584647995055,0.05060248238763326,0.0003063947529418569,1.4869346733668343,0.000248730426187449,1.4869346733668343
0,112,False,4.100038288340903,3.8244832467904626,34.19591066799219,5.960901970731172,0.1947789090799935,0.05059939467308545,0.00030500228264322574,1.4869346733668343,0.00025091384430164787,1.4869346733668343
0,114,False,4.100058918852566,3.8244979910844936,34.19562268115294,5.960801812668379,0.19478087657030213,0.050597391091928956,0.0003041325131848682,1.4869346733668343,0.0002523225512629512,1.4869346733668343
0,117,False,4.10008874585276,3.8245192745579892,34.195210290593224,5.9606578384324305,0.1947837227410691,0.05059446565581167,0.00030290842812679786,1.4869346733668343,0.0002543684839817484,1.4869346733668343
0,120,False,4.100117304925234,3.824539616508197,34.194819849451804,5.960520892033104,0.194786449701603,0.050591633500949695,0.00030177315389793896,1.4869346733668343,0.00025633739704145064,1.4869346733668343
0,123,False,4.100144672541973,3.824559076400142,34.19444970276816,5.960390474946259,0.19478906450090405,0.05058889187732069,0.00030071865475807155,1.4869346733668343,0.0002582329406707329,1.4869346733668343
0,126,False,4.100170918078378,3.824577708130729,34.1940982998271,5.960266136708258,0.19479157354354193,0.050586238227192624,0.0002997376904591745,1.4869346733668343,0.0002600584639220749,1.4869346733668343
0,129,False,4.100196104747022,3.8245955607483744,34.193764190782304,5.9601474689529,0.19479398267496034,0.050583670142267834,0.00029882372458879254,1.4869346733668343,0.00026181706161609863,1.4869346733668343
0,132,False,4.100220290387107,3.8246126790624064,34.193446022895834,5.960034100332596,0.19479629725339778,0.0505811853295229,0.00029797084609808634,1.4869346733668343,0.000263511612511369,1.4869346733668343
0,135,False,4.100243528134808,3.824629104161465,34.19314253650031,5.959925692172329,0.19479852221076918,0.05057878158408846,0.00029717370172861475,1.4869346733668343,0.00026514481041028937,1.4869346733668343
0,138,False,4.10026586699415,3.824644873856,34.19285256077275,5.959821934735703,0.19480066210436453,0.050576456767905495,0.0002964274374371724,1.4869346733668343,0.0002667191895222576,1.4869346733668343
0,141,False,4.100287352324344,3.8246600230570635,34.19257500939389,5.959722544005638,0.19480272116084846,0.05057420879316777,0.00029572764735285396,1.4869346733668343,0.000268237145176875,1.4869346733668343
0,145,False,4.100314744118743,3.8246793123347125,34.192222539515846,5.95959636743139,0.19480534758346005,0.05057132748545699,0.00029486002257763885,1.4869346733668343,0.0002701772295844451,1.4869346733668343
0,148,False,4.100334396806167,3.8246931355392277,34.191970195484444,5.9595061855230815,0.19480723286995,0.05056925088286094,0.000294253731875955,1.4869346733668343,0.0002715721856429987,1.4869346733668343
0,151,False,4.100353325757252,3.8247064375237194,34.19172720869916,5.959419576256881,0.19480904946262326,0.05056724438761854,0.00029368193077755584,1.4869346733668343,0.00027291789376227005,1.4869346733668343
0,155,False,4.100377496457352,3.8247234066664895,34.1914164590203,5.959309310436015,0.1948113701693269,0.05056467470207693,0.00029296817604306294,1.4869346733668343,0.00027463892584378424,1.4869346733668343
0,159,False,4.100400514500944,3.8247395506609365,34.19111932316274,5.959204605853674,0.1948135813519095,0.050562221494723905,0.00029230437988878,1.4869346733668343,0.00027628027931347887,1.4869346733668343
0,162,False,4.100417063151422,3.824751148410698,34.190904508437235,5.9591294878509915,0.19481517178014895,0.05056045526011648,0.00029183600304122744,1.4869346733668343,0.0002774615310124906,1.4869346733668343
0,166,False,4.100438226458186,3.8247659703909758,34.19062773199926,5.959033586014363,0.19481720661246904,0.05055819485563928,0.00029124686509480037,1.4869346733668343,0.0002789733908904468,1.4869346733668343
0,170,False,4.100458414509603,3.824780100063494,34.190360878086054,5.958942241814238,0.19481914866636513,0.05055603841150834,0.0002906941517927862,1.4869346733668343,0.00028041658479793785,1.4869346733668343
0,174,False,4.100477683566824,3.8247935791366423,34.19010287562815,5.958855148672446,0.1948210032660486,0.050553981490118645,0.0002901739917471834,1.4869346733668343,0.0002817947508682028,1.4869346733668343
0,178,False,4.100496086144394,3.8248064463404035,34.189852776481445,5.958772025935641,0.1948227753858648,0.050552019731550976,0.0002896829722927846,1.4869346733668343,0.00028311134712244446,1.4869346733668343
0,183,False,4.100517945359938,3.8248217245406,34.18955000027137,5.958673315823891,0.1948248816087766,0.05054969485942632,0.000289105630133208,1.4869346733668343,0.00028467549866928454,1.4869346733668343
0,187,False,4.100534573064058,3.8248333429864143,34.1893147716388,5.958598217207742,0.1948264847132402,0.05054793175682655,0.00028866972274379854,1.4869346733668343,0.00028586532102448103,1.4869346733668343
0,191,False,4.100550482670794,3.824844457881902,34.18908507165085,5.958526326126001,0.19482801941062508,0.050546250320692515,0.0002882544275959186,1.4869346733668343,0.00028700365023492935,1.4869346733668343
0,196,False,4.100569420067721,3.824857686887034,34.18880488788622,5.958440675344164,0.19482984729961678,0.05054425742778206,0.00028776128589199035,1.4869346733668343,0.00028835834726859133,1.4869346733668343
0,200,False,4.100583855288146,3.8248677707605854,34.18858571513447,5.958375306680041,0.194831241495173,0.050542745650718,0.000287385451761935,1.4869346733668343,0.0002893907001136897,1.4869346733668343
0,205,False,4.100601062306502,3.8248797917988497,34.188317298226565,5.958297266776806,0.1948329044450588,0.05054095318079784,0.0002869365549397046,1.4869346733668343,0.00029062088653042384,1.4869346733668343
0,210,False,4.100617397379082,3.8248912055589095,34.18805441647174,5.958223033250604,0.1948344842450283,0.050539262494342464,0.0002865085314238499,1.4869346733668343,0.0002917882762759616,1.4869346733668343
0,215,False,4.100632918194689,3.8249020529999562,34.187796498669975,5.958152339666984,0.19483598636957095,0.050537667201622796,0.0002860992191569309,1.4869346733668343,0.00029289702074286605,1.4869346733668343
0,220,False,4.10064767804,3.824912371806114,34.187543068195836,5.958084943668606,0.19483741587449,0.0505361612641299,0.0002857067706084423,1.4869346733668343,0.0002939509742579949,1.4869346733668343
0,225,False,4.100661726141867,3.8249221966646676,34.18729372916942,5.9580206244643374,0.1948387774294577,0.05053473899213948,0.00028532960476089676,1.4869346733668343,0.00029495371161503137,1.4869346733668343
0,231,False,4.100677708156677,3.8249333792818447,34.186999466658655,5.957947220391774,0.1948403276517648,0.05053313519916774,0.0002848952841274447,1.4869346733668343,0.00029609403794728095,1.4869346733668343
0,236,False,4.10069034568293,3.8249422263769084,34.18675805883557,5.9578889853685135,0.19484155444102585,0.05053187863852681,0.00028454723510665735,1.4869346733668343,0.00029699541671057705,1.4869346733668343
0,242,False,4.10070475095981,3.824952316735141,34.18647262736988,5.957822377676907,0.1948429539388155,0.05053045976108445,0.00028414477852783623,1.4869346733668343,0.00029802258269107096,1.4869346733668343
0,247,False,4.100716163407691,3.824960315574172,34.186238120528984,5.9577694232974405,0.19484406354974065,0.050529346489000745,0.0002838210903188659,1.4869346733668343,0.0002988361593198041,1.4869346733668343
0,253,False,4.100729196204798,3.8249694559119067,34.18596054041421,5.957708735419457,0.1948453316874025,0.05052808756690213,0.00028344562796186714,1.4869346733668343,0.0002997651029043036,1.4869346733668343
0,259,False,4.100741554777819,3.824978129672333,34.18568697406765,5.957650961401165,0.19484653522747208,0.05052690667247364,0.0002830833106961532,1.4869346733668343,0.0003006459111123405,1.4869346733668343
0,265,False,4.1007532857756726,3.824986369137978,34.185417292841755,5.957595905230036,0.1948476785929846,0.05052579798076917,0.0002827332285348923,1.4869346733668343,0.0003014819911408839,1.4869346733668343
0,271,False,4.100764431787665,3.824994203736331,34.18515140425595,5.957543388758241,0.19484876582292726,0.05052475615491227,0.0002823945963410552,1.4869346733668343,0.00030227644928226827,1.4869346733668343
0,278,False,4.100776747852388,3.8250028680974424,34.184845910284324,5.957485113743375,0.19484996821719128,0.05052361870618596,0.0002820130905179451,1.4869346733668343,0.0003031544786400442,1.4869346733668343
0,284,False,4.100786755527944,3.8250099145607113,34.18458804880111,5.957437562006691,0.19485094607186787,0.050522705541474845,0.0002816970342638738,1.4869346733668343,0.0003038681512815833,1.4869346733668343
0,291,False,4.100797835876614,3.825017723056515,34.184291834261586,5.957384695306931,0.19485202962752682,0.05052170660529393,0.0002813403444266865,1.4869346733668343,0.0003046586320011313,1.4869346733668343
0,298,False,4.100808319323573,3.825025117847165,34.18400058532839,5.95733445628892,0.1948530556983985,0.05052077367449362,0.00028099592871638464,1.4869346733668343,0.00030540692634151156,1.4869346733668343
0,305,False,4.1008182480421365,3.8250321279458106,34.18371430203171,5.957286669633943,0.19485402829414195,0.05051990149100368,0.00028066313657372385,1.4869346733668343,0.000306116074549001,1.4869346733668343
0,312,False,4.100827660324242,3.825038779688482,34.18343299424857,5.957241175893694,0.1948549510582762,0.050519085304668004,0.00028034138423376956,1.4869346733668343,0.000306788829017246,1.4869346733668343
0,319,False,4.100836591008484,3.825045097034023,34.183156677408064,5.957197829651181,0.19485582730857123,0.05051832081971081,0.0002800301426605951,1.4869346733668343,0.00030742768658564845,1.4869346733668343
0,327,False,4.1008462484097805,3.825051935326094,34.18284702079414,5.957150750612355,0.19485677565343137,0.05051750545773249,0.00027968668958267484,1.4869346733668343,0.00030811920533746484,1.4869346733668343
0,335,False,4.100855361236976,3.825058394943026,34.18254393190894,5.957106122212229,0.19485767129964007,0.050516747325516295,0.0002793556722173276,1.4869346733668343,0.00030877247608795955,1.4869346733668343
0,343,False,4.10086396842841,3.8250645026801244,34.18224743276457,5.957063780083498,0.19485851796672274,0.05051604173727773,0.0002790364822479031,1.4869346733668343,0.00030939026430532035,1.4869346733668343
0,351,False,4.100872105292584,3.8250702828462693,34.18195753912899,5.957023574457199,0.1948593190313584,0.05051538448609782,0.00027872855662577965,1.4869346733668343,0.0003099750701720527,1.4869346733668343
0,359,False,4.100879803931468,3.825075757555073,34.181674258964485,5.956985368470757,0.194860077567156,0.05051477178653607,0.0002784313710995778,1.4869346733668343,0.0003105291604119653,1.4869346733668343
0,367,False,4.100887093607209,3.825080946976552,34.181397591510525,5.956949036714189,0.19486079637909848,0.050514200224554426,0.00027814443516480504,1.4869346733668343,0.00031105459579361394,1.4869346733668343
0,376,False,4.100894838859437,3.825086466972502,34.181094232173244,5.956910260688917,0.19486156074692731,0.0505136025583134,0.00027783331110811416,1.4869346733668343,0.00031161379174737824,1.4869346733668343
0,385,False,4.10090213499786,3.825091673154482,34.180799201170274,5.956873560835767,0.19486228141528628,0.05051304909964189,0.00027753396098406283,1.4869346733668343,0.00031214152655623106,1.4869346733668343
0,394,False,4.100909013552947,3.8250965873051204,34.1805124560206,5.956838799740225,0.19486296141758047,0.05051253629453465,0.00027724580717714394,1.4869346733668343,0.0003126400052165801,1.4869346733668343
0,403,False,4.1009155032547735,3.825101229289073,34.18023394054377,5.956805851472422,0.19486360352118404,0.050512060943437444,0.0002769683067099412,1.4869346733668343,0.0003131112329273211,1.4869346733668343
0,413,False,4.1009222898196,3.8251060898802915,34.17993404674431,5.956771228050889,0.1948642755919191,0.05051157319916172,0.00027667184661905707,1.4869346733668343,0.0003136050771486154,1.4869346733668343
0,422,False,4.100928042123719,3.8251102150995298,34.179672664489466,5.9567417380776035,0.19486484574426938,0.05051116776310893,0.00027641519284097557,1.4869346733668343,0.0003140245909590833,1.4869346733668343
0,432,False,4.100934065997759,3.8251145407537113,34.17939159268469,5.956710705495213,0.19486544334091832,0.05051075157909625,0.00027614074154540036,1.4869346733668343,0.00031446491315556546,1.4869346733668343
0,443,False,4.100940276951619,3.8251190073086505,34.17909362269429,5.95667853638713,0.19486606009981622,0.0505103321252467,0.0002758512052546158,1.4869346733668343,0.0003149200872558655,1.4869346733668343
0,453,False,4.1009455728449264,3.825122821498594,34.17883276547576,5.956650957546081,0.1948665865106571,0.05050998281890868,0.0002755986333177131,1.4869346733668343,0.0003153092353311848,1.4869346733668343
0,464,False,4.1009510409515695,3.825126765687937,34.178556648633815,5.956622326062147,0.1948671305802726,0.05050963088365283,0.0002753318796692883,1.4869346733668343,0.0003157121341930136,1.4869346733668343
0,475,False,4.100956161518958,3.8251304651652234,34.17829165131185,5.956595358912534,0.19486764060875858,0.050509310032935115,0.0002750761094136986,1.4869346733668343,0.0003160905312842299,1.4869346733668343
0,486,False,4.100960959872971,3.8251339375611515,34.17803753491775,5.956569940426919,0.19486811905703966,0.05050901769570877,0.0002748307241259418,1.4869346733668343,0.0003164461809992414,1.4869346733668343
0,497,False,4.100965459173803,3.825137199011385,34.177794053306194,5.956545964376905,0.19486856817763262,0.050508751544869404,0.0002745951639417186,1.4869346733668343,0.0003167806878406898,1.4869346733668343
0,509,False,4.100970051322884,3.8251405337283515,34.17754027006451,5.956521339156373,0.19486902710206386,0.05050848858776212,0.0002743487797468278,1.4869346733668343,0.00031712321585886105,1.4869346733668343
0,521,False,4.10097433799835,3.8251436525725513,34.17729851167334,5.956498197911358,0.194869456034397,0.05050825180119202,0.00027411282982808295,1.4869346733668343,0.0003174440772496512,1.4869346733668343
0,533,False,4.100978342201612,3.8251465716047264,34.17706844330136,5.956476433927529,0.19486985721710198,0.05050803893931404,0.0002738867224558614,1.4869346733668343,0.00031774486779878597,1.4869346733668343
0,546,False,4.100982385676637,3.82514952542199,34.17683200491642,5.956454297112178,0.19487026289268888,0.050507832981086735,0.00027365224121749725,1.4869346733668343,0.0003180497656500858,1.4869346733668343
0,559,False,4.100986146702025,3.8251522790319754,34.17660846590478,5.956433547878163,0.19487064078926492,0.05050765037341844,0.00027342801295677913,1.4869346733668343,0.0003183345166212215,1.4869346733668343
0,572,False,4.1009896475116925,3.8251548479921667,34.17639740325837,5.956414082042549,0.1948709930788265,0.050507489001044584,0.0002732134330419345,1.4869346733668343,0.0003186006679807285,1.4869346733668343
0,585,False,4.100992908391541,3.8251572465065706,34.176198398687674,5.956395804266302,0.19487132174420252,0.05050734694943515,0.00027300794023243474,1.4869346733668343,0.0003188496333027535,1.4869346733668343
0,599,False,4.100996173010371,3.825159653777318,34.17599709849175,5.956377349123928,0.19487165134738693,0.050507213590205755,0.0002727962056364458,1.4869346733668343,0.0003191000111523179,1.4869346733668343
0,613,False,4.100999201955993,3.8251618932208764,34.175808799382054,5.956360070856968,0.19487195771804705,0.0505070986644631,0.00027259380222281743,1.4869346733668343,0.0003193334315328977,1.4869346733668343
0,628,False,4.101002207526108,3.8251641216801247,34.17562091584063,5.9563427611118716,0.19487226232489974,0.05050699397434039,0.0002723866625172146,1.4869346733668343,0.00031956623323303734,1.4869346733668343
0,642,False,4.101004807485648,3.825166055020924,34.17545798744183,5.9563276399217795,0.19487252636607919,0.05050691178350362,0.0002722018582117012,1.4869346733668343,0.00031976867415361987,1.4869346733668343
0,657,False,4.101007391709743,3.82516798239881,34.17529619281446,5.956312459220976,0.19487278936939664,0.050506838672695405,0.00027201243434701086,1.4869346733668343,0.0003199709711301235,1.4869346733668343
0,673,False,4.1010099380479765,3.825169887738328,34.17513755646085,5.95629733690125,0.1948730491317381,0.05050677597273377,0.00027181956968027216,1.4869346733668343,0.00032017147770913024,1.4869346733668343
0,689,False,4.101012286537557,3.8251716511294553,34.174992669279405,5.956283228094259,0.19487328932157436,0.05050672733989091,0.00027163559533779864,1.4869346733668343,0.00032035756221615586,1.4869346733668343
0,705,False,4.101014454832217,3.8251732850032027,34.174860894566216,5.956270048046695,0.19487351166997408,0.05050669120495361,0.00027145995287572195,1.4869346733668343,0.0003205304730070635,1.4869346733668343
0,722,False,4.101016579038774,3.825174891649713,34.17473456479943,5.956256976036517,0.19487373011542922,0.05050666493321382,0.000271281887321225,1.4869346733668343,0.0003207010201654592,1.4869346733668343
0,739,False,4.101018535118644,3.8251763769690257,34.174621635882175,5.956244782351689,0.19487393188204533,0.050506649671008944,0.00027111207964792,1.4869346733668343,0.00032085919976776456,1.4869346733668343
0,756,False,4.1010203386399535,3.8251777519528503,34.17452142702472,5.9562333916049415,0.1948741184976047,0.05050664406944988,0.00027095000809286996,1.4869346733668343,0.0003210061203146042,1.4869346733668343
0,774,False,4.10102209753631,3.8251790985597616,34.1744284624017,5.956222130355939,0.19487430110469028,0.05050664733217016,0.00027078630207735837,1.4869346733668343,0.00032115052250425435,1.4869346733668343
0,792,False,4.101023716088461,3.825180343170553,34.17434828358546,5.956211619954809,0.19487446973875133,0.05050665880499301,0.0002706302072639964,1.4869346733668343,0.0003212844951627769,1.4869346733668343
0,811,False,4.1010252871268325,3.825181556773,34.174276737459664,5.9562012677027285,0.1948746340381382,0.05050667857762218,0.0002704731666149404,1.4869346733668343,0.0003214156592061812,1.4869346733668343
0,830,False,4.101026730889615,3.8251826773542668,34.17421784992135,5.95619160942892,0.19487478562673483,0.050506705069674425,0.0002703235511936994,1.4869346733668343,0.0003215372922458215,1.4869346733668343
0,849,False,4.101028060002198,3.8251837138815414,34.1741708622151,5.956182582851898,0.1948749257452495,0.05050673724881831,0.00027018088469650813,1.4869346733668343,0.000321650304569987,1.4869346733668343
0,869,False,4.101029347587989,3.8251847229629785,34.1741334637494,5.956173702273301,0.19487506206396127,0.05050677626882717,0.0002700377362514583,1.4869346733668343,0.00032176084668056326,1.4869346733668343
0,890,False,4.1010305890773395,3.825185700947328,34.17410664976509,5.956165000562914,0.19487519410100523,0.050506821926145425,0.00026989468390831,1.4869346733668343,0.00032186853547166994,1.4869346733668343
0,911,False,4.101031729219882,3.825186603830998,34.17409173045389,5.956156877698813,0.19487531593306923,0.05050687146676918,0.00026975857403335794,1.4869346733668343,0.0003219684989252958,1.4869346733668343
0,932,False,4.101032778655551,3.8251874392238765,34.17408787549277,5.95614928003096,0.19487542860755813,0.05050692408339061,0.0002696289523550495,1.4869346733668343,0.00032206151272518024,1.4869346733668343
0,954,False,4.1010337910182315,3.8251882493510294,34.17409484953948,5.95614183186842,0.19487553783434472,0.05050698174704403,0.0002694996639094037,1.4869346733668343,0.0003221522507552699,1.4869346733668343
0,977,False,4.1010347643490075,3.8251890324555973,34.17411327997117,5.956134552433833,0.19487564338784188,0.05050704408023984,0.00026937114813647414,1.4869346733668343,0.00032224052459206565,1.4869346733668343
0,999,False,4.1010356227219,3.8251897267169443,34.174140732530624,5.956128029776873,0.19487573694889673,0.050507105056851916,0.0002692541635912165,1.4869346733668343,0.0003223192991809176,1.4869346733668343
0,1000,True,4.101035660177157,3.82518975709214,34.17414219593701,5.956127742867201,0.19487574104210717,0.05050710785145383,0.0002692489779735135,1.4869346733668343,0.0003223227576027998,1.4869346733668343
